absoluteChangeSinceOneWeekAgo,absoluteChangeSinceYesterday,bestVendorBuylist,bestVendorBuylistPrice,cardId,countForTrade,fair_price,fullImageUrl,isFoil,lowestPrice,lowestPriceVendor,name,percentageChangeSinceOneWeekAgo,percentageChangeSinceYesterday,quantity,setName,setUrl,url
0.0,0.0,ChannelFireball,0.05,Act_of_TreasonCore_Set_2020_FoiltrueNM-M,0,0.8300000000000001,http://s.mtgprice.com/sets/Core_Set_2020/img/Act of Treason.full.jpg,True,0.25,Card Kingdom,Act of Treason,0.0,0.0,0,Core_Set_2020_Foil,/spoiler_lists/Core_Set_202_(Foil),/sets/Core_Set_2020_Foil/Act_of_Treason
0.0,0.0,ChannelFireball,0.05,Aerial_AssaultCore_Set_2020_FoiltrueNM-M,0,0.09,http://s.mtgprice.com/sets/Core_Set_2020/img/Aerial Assault.full.jpg,True,0.09,TCG Player,Aerial Assault,0.0,0.0,0,Core_Set_2020_Foil,/spoiler_lists/Core_Set_202_(Foil),/sets/Core_Set_2020_Foil/Aerial_Assault
-0.760000228881835,0.0,TCG Player,8.73,Aether_GustCore_Set_2020_FoiltrueNM-M,0,14.19,http://s.mtgprice.com/sets/Core_Set_2020/img/Aether Gust.full.jpg,True,12.99,Card Kingdom,Aether Gust,-5.083613395690918,0.0,0,Core_Set_2020_Foil,/spoiler_lists/Core_Set_202_(Foil),/sets/Core_Set_2020_Foil/Aether_Gust
-0.239999771118164,-0.009999752044677,Card Kingdom,3.5,Agent_of_TreacheryCore_Set_2020_FoiltrueNM-M,0,5.48,http://s.mtgprice.com/sets/Core_Set_2020/img/Agent of Treachery.full.jpg,True,5.48,TCG Player,Agent of Treachery,-4.195800304412842,-0.182144850492477,0,Core_Set_2020_Foil,/spoiler_lists/Core_Set_202_(Foil),/sets/Core_Set_2020_Foil/Agent_of_Treachery
0.7799999713897701,0.0,ChannelFireball,0.05,Agonizing_SyphonCore_Set_2020_FoiltrueNM-M,0,0.8300000000000001,http://s.mtgprice.com/sets/Core_Set_2020/img/Agonizing Syphon.full.jpg,True,0.25,Card Kingdom,Agonizing Syphon,1560.0,0.0,0,Core_Set_2020_Foil,/spoiler_lists/Core_Set_202_(Foil),/sets/Core_Set_2020_Foil/Agonizing_Syphon
0.0,0.0,ChannelFireball,0.05,Air_ElementalCore_Set_2020_FoiltrueNM-M,0,0.84,http://s.mtgprice.com/sets/Core_Set_2020/img/Air Elemental.full.jpg,True,0.25,Card Kingdom,Air Elemental,0.0,0.0,0,Core_Set_2020_Foil,/spoiler_lists/Core_Set_202_(Foil),/sets/Core_Set_2020_Foil/Air_Elemental
-0.7100000381469721,-0.09999990463256801,Card Kingdom,3.7,"Ajani,_Inspiring_LeaderCore_Set_2020_FoiltrueNM-M",0,4.27,"http://s.mtgprice.com/sets/Core_Set_2020/img/Ajani, Inspiring Leader.full.jpg",True,4.27,TCG Player,"Ajani, Inspiring Leader",-14.257028579711914,-2.28832745552063,0,Core_Set_2020_Foil,/spoiler_lists/Core_Set_202_(Foil),"/sets/Core_Set_2020_Foil/Ajani,_Inspiring_Leader"
-1.5,0.0,StrikeZone,11.0,"Ajani,_Strength_of_the_PrideCore_Set_2020_FoiltrueNM-M",0,14.99,"http://s.mtgprice.com/sets/Core_Set_2020/img/Ajani, Strength of the Pride.full.jpg",True,14.99,TCG Player,"Ajani, Strength of the Pride",-9.09642219543457,0.0,0,Core_Set_2020_Foil,/spoiler_lists/Core_Set_202_(Foil),"/sets/Core_Set_2020_Foil/Ajani,_Strength_of_the_Pride"
0.0,0.0,Card Kingdom,0.08,Ancestral_BladeCore_Set_2020_FoiltrueNM-M,0,0.24,http://s.mtgprice.com/sets/Core_Set_2020/img/Ancestral Blade.full.jpg,True,0.24,TCG Player,Ancestral Blade,0.0,0.0,0,Core_Set_2020_Foil,/spoiler_lists/Core_Set_202_(Foil),/sets/Core_Set_2020_Foil/Ancestral_Blade
0.8600001335144041,0.170000076293945,Card Kingdom,1.23,Angel_of_VitalityCore_Set_2020_FoiltrueNM-M,0,2.41,http://s.mtgprice.com/sets/Core_Set_2020/img/Angel of Vitality.full.jpg,True,1.29,StrikeZone,Angel of Vitality,55.483882904052734,7.589288711547852,0,Core_Set_2020_Foil,/spoiler_lists/Core_Set_202_(Foil),/sets/Core_Set_2020_Foil/Angel_of_Vitality
0.0,0.0,Card Kingdom,0.1,Angelic_GiftCore_Set_2020_FoiltrueNM-M,0,0.1,http://s.mtgprice.com/sets/Core_Set_2020/img/Angelic Gift.full.jpg,True,0.1,TCG Player,Angelic Gift,0.0,0.0,0,Core_Set_2020_Foil,/spoiler_lists/Core_Set_202_(Foil),/sets/Core_Set_2020_Foil/Angelic_Gift
0.0,0.0,Card Kingdom,0.06,AnticipateCore_Set_2020_FoiltrueNM-M,0,0.15,http://s.mtgprice.com/sets/Core_Set_2020/img/Anticipate.full.jpg,True,0.15,TCG Player,Anticipate,0.0,0.0,0,Core_Set_2020_Foil,/spoiler_lists/Core_Set_202_(Foil),/sets/Core_Set_2020_Foil/Anticipate
0.010000001639127001,0.0,ChannelFireball,0.05,Anvilwrought_RaptorCore_Set_2020_FoiltrueNM-M,0,0.05,http://s.mtgprice.com/sets/Core_Set_2020/img/Anvilwrought Raptor.full.jpg,True,0.05,TCG Player,Anvilwrought Raptor,25.0000057220459,0.0,0,Core_Set_2020_Foil,/spoiler_lists/Core_Set_202_(Foil),/sets/Core_Set_2020_Foil/Anvilwrought_Raptor
0.259999990463256,0.059999942779541,TCG Player,0.01,Apostle_of_Purifying_LightCore_Set_2020_FoiltrueNM-M,0,1.03,http://s.mtgprice.com/sets/Core_Set_2020/img/Apostle of Purifying Light.full.jpg,True,1.03,TCG Player,Apostle of Purifying Light,33.7662353515625,6.185561180114746,0,Core_Set_2020_Foil,/spoiler_lists/Core_Set_202_(Foil),/sets/Core_Set_2020_Foil/Apostle_of_Purifying_Light
-0.019999980926513002,0.0,ChannelFireball,0.25,"Atemsis,_All-SeeingCore_Set_2020_FoiltrueNM-M",0,0.37,"http://s.mtgprice.com/sets/Core_Set_2020/img/Atemsis, All-Seeing.full.jpg",True,0.37,TCG Player,"Atemsis, All-Seeing",-5.128200531005859,0.0,0,Core_Set_2020_Foil,/spoiler_lists/Core_Set_202_(Foil),"/sets/Core_Set_2020_Foil/Atemsis,_All-Seeing"
-0.7700000405311581,0.0,ChannelFireball,0.05,Audacious_ThiefCore_Set_2020_FoiltrueNM-M,0,0.08,http://s.mtgprice.com/sets/Core_Set_2020/img/Audacious Thief.full.jpg,True,0.08,TCG Player,Audacious Thief,-90.5882339477539,0.0,0,Core_Set_2020_Foil,/spoiler_lists/Core_Set_202_(Foil),/sets/Core_Set_2020_Foil/Audacious_Thief
-0.019999980926513002,0.0,CoolStuff,1.0,Bag_of_HoldingCore_Set_2020_FoiltrueNM-M,0,0.6900000000000001,http://s.mtgprice.com/sets/Core_Set_2020/img/Bag of Holding.full.jpg,True,0.69,TCG Player,Bag of Holding,-2.816898822784424,0.0,0,Core_Set_2020_Foil,/spoiler_lists/Core_Set_202_(Foil),/sets/Core_Set_2020_Foil/Bag_of_Holding
0.0,0.0,Card Kingdom,0.45,Barkhide_TrollCore_Set_2020_FoiltrueNM-M,0,0.4,http://s.mtgprice.com/sets/Core_Set_2020/img/Barkhide Troll.full.jpg,True,0.4,TCG Player,Barkhide Troll,0.0,0.0,0,Core_Set_2020_Foil,/spoiler_lists/Core_Set_202_(Foil),/sets/Core_Set_2020_Foil/Barkhide_Troll
0.7799999713897701,0.0,ChannelFireball,0.05,Barony_VampireCore_Set_2020_FoiltrueNM-M,0,0.8300000000000001,http://s.mtgprice.com/sets/Core_Set_2020/img/Barony Vampire.full.jpg,True,0.25,Card Kingdom,Barony Vampire,1560.0,0.0,0,Core_Set_2020_Foil,/spoiler_lists/Core_Set_202_(Foil),/sets/Core_Set_2020_Foil/Barony_Vampire
0.0,0.0,ChannelFireball,0.05,Battalion_Foot_SoldierCore_Set_2020_FoiltrueNM-M,0,0.88,http://s.mtgprice.com/sets/Core_Set_2020/img/Battalion Foot Soldier.full.jpg,True,0.25,Card Kingdom,Battalion Foot Soldier,0.0,0.0,0,Core_Set_2020_Foil,/spoiler_lists/Core_Set_202_(Foil),/sets/Core_Set_2020_Foil/Battalion_Foot_Soldier
0.0,0.0,ChannelFireball,0.05,BefuddleCore_Set_2020_FoiltrueNM-M,0,0.08,http://s.mtgprice.com/sets/Core_Set_2020/img/Befuddle.full.jpg,True,0.08,TCG Player,Befuddle,0.0,0.0,0,Core_Set_2020_Foil,/spoiler_lists/Core_Set_202_(Foil),/sets/Core_Set_2020_Foil/Befuddle
-0.160000026226043,0.0,StrikeZone,1.0,Bishop_of_WingsCore_Set_2020_FoiltrueNM-M,0,0.96,http://s.mtgprice.com/sets/Core_Set_2020/img/Bishop of Wings.full.jpg,True,0.96,TCG Player,Bishop of Wings,-14.28571605682373,0.0,0,Core_Set_2020_Foil,/spoiler_lists/Core_Set_202_(Foil),/sets/Core_Set_2020_Foil/Bishop_of_Wings
0.0,0.0,ChannelFireball,0.05,BladebrandCore_Set_2020_FoiltrueNM-M,0,0.05,http://s.mtgprice.com/sets/Core_Set_2020/img/Bladebrand.full.jpg,True,0.05,TCG Player,Bladebrand,0.0,0.0,0,Core_Set_2020_Foil,/spoiler_lists/Core_Set_202_(Foil),/sets/Core_Set_2020_Foil/Bladebrand
-0.019999980926513002,0.0,Card Kingdom,0.16,BlightbeetleCore_Set_2020_FoiltrueNM-M,0,0.73,http://s.mtgprice.com/sets/Core_Set_2020/img/Blightbeetle.full.jpg,True,0.73,TCG Player,Blightbeetle,-2.6666641235351562,0.0,0,Core_Set_2020_Foil,/spoiler_lists/Core_Set_202_(Foil),/sets/Core_Set_2020_Foil/Blightbeetle
0.0,0.0,ChannelFireball,0.05,Blood_BurglarCore_Set_2020_FoiltrueNM-M,0,0.8300000000000001,http://s.mtgprice.com/sets/Core_Set_2020/img/Blood Burglar.full.jpg,True,0.25,Card Kingdom,Blood Burglar,0.0,0.0,0,Core_Set_2020_Foil,/spoiler_lists/Core_Set_202_(Foil),/sets/Core_Set_2020_Foil/Blood_Burglar
0.7799999713897701,0.24999988079071003,CoolStuff,0.5,Blood_for_BonesCore_Set_2020_FoiltrueNM-M,0,2.07,http://s.mtgprice.com/sets/Core_Set_2020/img/Blood for Bones.full.jpg,True,1.49,Card Kingdom,Blood for Bones,60.46511459350586,13.73625659942627,0,Core_Set_2020_Foil,/spoiler_lists/Core_Set_202_(Foil),/sets/Core_Set_2020_Foil/Blood_for_Bones
-0.009999990463256002,0.0,Card Kingdom,0.12,Bloodfell_CavesCore_Set_2020_FoiltrueNM-M,0,0.23,http://s.mtgprice.com/sets/Core_Set_2020/img/Bloodfell Caves.full.jpg,True,0.23,TCG Player,Bloodfell Caves,-4.166662693023682,0.0,0,Core_Set_2020_Foil,/spoiler_lists/Core_Set_202_(Foil),/sets/Core_Set_2020_Foil/Bloodfell_Caves
0.0,0.0,ChannelFireball,0.05,Bloodsoaked_AltarCore_Set_2020_FoiltrueNM-M,0,0.15,http://s.mtgprice.com/sets/Core_Set_2020/img/Bloodsoaked Altar.full.jpg,True,0.15,TCG Player,Bloodsoaked Altar,0.0,0.0,0,Core_Set_2020_Foil,/spoiler_lists/Core_Set_202_(Foil),/sets/Core_Set_2020_Foil/Bloodsoaked_Altar
1.240000009536743,1.259999990463256,Card Kingdom,0.75,Bloodthirsty_AerialistCore_Set_2020_FoiltrueNM-M,0,2.49,http://s.mtgprice.com/sets/Core_Set_2020/img/Bloodthirsty Aerialist.full.jpg,True,2.49,Card Kingdom,Bloodthirsty Aerialist,99.19999694824219,102.43902587890625,0,Core_Set_2020_Foil,/spoiler_lists/Core_Set_202_(Foil),/sets/Core_Set_2020_Foil/Bloodthirsty_Aerialist
0.0,0.0,ChannelFireball,0.05,Blossoming_SandsCore_Set_2020_FoiltrueNM-M,0,0.2,http://s.mtgprice.com/sets/Core_Set_2020/img/Blossoming Sands.full.jpg,True,0.2,TCG Player,Blossoming Sands,0.0,0.0,0,Core_Set_2020_Foil,/spoiler_lists/Core_Set_202_(Foil),/sets/Core_Set_2020_Foil/Blossoming_Sands
0.0,0.0,ChannelFireball,0.05,Bone_SplintersCore_Set_2020_FoiltrueNM-M,0,0.86,http://s.mtgprice.com/sets/Core_Set_2020/img/Bone Splinters.full.jpg,True,0.25,Card Kingdom,Bone Splinters,0.0,0.0,0,Core_Set_2020_Foil,/spoiler_lists/Core_Set_202_(Foil),/sets/Core_Set_2020_Foil/Bone_Splinters
0.0,0.0,ChannelFireball,0.05,Bone_to_AshCore_Set_2020_FoiltrueNM-M,0,0.86,http://s.mtgprice.com/sets/Core_Set_2020/img/Bone to Ash.full.jpg,True,0.25,Card Kingdom,Bone to Ash,0.0,0.0,0,Core_Set_2020_Foil,/spoiler_lists/Core_Set_202_(Foil),/sets/Core_Set_2020_Foil/Bone_to_Ash
-0.769999980926513,0.0,ChannelFireball,0.05,Boneclad_NecromancerCore_Set_2020_FoiltrueNM-M,0,0.07,http://s.mtgprice.com/sets/Core_Set_2020/img/Boneclad Necromancer.full.jpg,True,0.07,TCG Player,Boneclad Necromancer,-91.66667175292969,0.0,0,Core_Set_2020_Foil,/spoiler_lists/Core_Set_202_(Foil),/sets/Core_Set_2020_Foil/Boneclad_Necromancer
0.0,0.0,ChannelFireball,0.05,Boreal_ElementalCore_Set_2020_FoiltrueNM-M,0,0.1,http://s.mtgprice.com/sets/Core_Set_2020/img/Boreal Elemental.full.jpg,True,0.1,TCG Player,Boreal Elemental,0.0,0.0,0,Core_Set_2020_Foil,/spoiler_lists/Core_Set_202_(Foil),/sets/Core_Set_2020_Foil/Boreal_Elemental
0.0,0.0,ChannelFireball,0.05,Brightwood_TrackerCore_Set_2020_FoiltrueNM-M,0,0.05,http://s.mtgprice.com/sets/Core_Set_2020/img/Brightwood Tracker.full.jpg,True,0.05,TCG Player,Brightwood Tracker,0.0,0.0,0,Core_Set_2020_Foil,/spoiler_lists/Core_Set_202_(Foil),/sets/Core_Set_2020_Foil/Brightwood_Tracker
-0.02999997138977,0.0,ChannelFireball,2.0,Brineborn_CutthroatCore_Set_2020_FoiltrueNM-M,0,2.92,http://s.mtgprice.com/sets/Core_Set_2020/img/Brineborn Cutthroat.full.jpg,True,2.49,Card Kingdom,Brineborn Cutthroat,-1.016948223114013,0.0,0,Core_Set_2020_Foil,/spoiler_lists/Core_Set_202_(Foil),/sets/Core_Set_2020_Foil/Brineborn_Cutthroat
-0.040000021457672,0.0,Card Kingdom,0.45,Brought_BackCore_Set_2020_FoiltrueNM-M,0,0.84,http://s.mtgprice.com/sets/Core_Set_2020/img/Brought Back.full.jpg,True,0.84,TCG Player,Brought Back,-4.545456886291504,0.0,0,Core_Set_2020_Foil,/spoiler_lists/Core_Set_202_(Foil),/sets/Core_Set_2020_Foil/Brought_Back
0.0,0.0,ChannelFireball,0.05,Captivating_GyreCore_Set_2020_FoiltrueNM-M,0,0.8300000000000001,http://s.mtgprice.com/sets/Core_Set_2020/img/Captivating Gyre.full.jpg,True,0.25,Card Kingdom,Captivating Gyre,0.0,0.0,0,Core_Set_2020_Foil,/spoiler_lists/Core_Set_202_(Foil),/sets/Core_Set_2020_Foil/Captivating_Gyre
0.07999992370605401,0.0,Card Kingdom,3.5,Cavalier_of_DawnCore_Set_2020_FoiltrueNM-M,0,5.0,http://s.mtgprice.com/sets/Core_Set_2020/img/Cavalier of Dawn.full.jpg,True,5.0,TCG Player,Cavalier of Dawn,1.626014709472656,0.0,0,Core_Set_2020_Foil,/spoiler_lists/Core_Set_202_(Foil),/sets/Core_Set_2020_Foil/Cavalier_of_Dawn
0.029999732971191004,0.0,TCG Player,6.81,Cavalier_of_FlameCore_Set_2020_FoiltrueNM-M,0,9.17,http://s.mtgprice.com/sets/Core_Set_2020/img/Cavalier of Flame.full.jpg,True,9.17,TCG Player,Cavalier of Flame,0.328224629163742,0.0,0,Core_Set_2020_Foil,/spoiler_lists/Core_Set_202_(Foil),/sets/Core_Set_2020_Foil/Cavalier_of_Flame
-0.049999713897705,-0.039999961853027004,Card Kingdom,5.0,Cavalier_of_GalesCore_Set_2020_FoiltrueNM-M,0,7.15,http://s.mtgprice.com/sets/Core_Set_2020/img/Cavalier of Gales.full.jpg,True,7.15,TCG Player,Cavalier of Gales,-0.694440484046936,-0.5563277006149291,0,Core_Set_2020_Foil,/spoiler_lists/Core_Set_202_(Foil),/sets/Core_Set_2020_Foil/Cavalier_of_Gales
-0.760000228881835,-0.010000228881835,StrikeZone,8.0,Cavalier_of_NightCore_Set_2020_FoiltrueNM-M,0,8.82,http://s.mtgprice.com/sets/Core_Set_2020/img/Cavalier of Night.full.jpg,True,8.82,TCG Player,Cavalier of Night,-7.933196544647217,-0.11325287818908601,0,Core_Set_2020_Foil,/spoiler_lists/Core_Set_202_(Foil),/sets/Core_Set_2020_Foil/Cavalier_of_Night
-2.010000228881836,-1.010000228881836,StrikeZone,12.0,Cavalier_of_ThornsCore_Set_2020_FoiltrueNM-M,0,11.94,http://s.mtgprice.com/sets/Core_Set_2020/img/Cavalier of Thorns.full.jpg,True,11.94,TCG Player,Cavalier of Thorns,-14.40860366821289,-7.799229621887207,0,Core_Set_2020_Foil,/spoiler_lists/Core_Set_202_(Foil),/sets/Core_Set_2020_Foil/Cavalier_of_Thorns
0.0,0.0,UNDEFINED,0.0,Celestial_MessengerCore_Set_2020_FoiltrueNM-M,0,0.0,http://s.mtgprice.com/sets/Core_Set_2020/img/Celestial Messenger.full.jpg,True,999999.0,Unknown,Celestial Messenger,,,0,Core_Set_2020_Foil,/spoiler_lists/Core_Set_202_(Foil),/sets/Core_Set_2020_Foil/Celestial_Messenger
0.0,0.0,ChannelFireball,0.05,Centaur_CourserCore_Set_2020_FoiltrueNM-M,0,0.79,http://s.mtgprice.com/sets/Core_Set_2020/img/Centaur Courser.full.jpg,True,0.25,Card Kingdom,Centaur Courser,0.0,0.0,0,Core_Set_2020_Foil,/spoiler_lists/Core_Set_202_(Foil),/sets/Core_Set_2020_Foil/Centaur_Courser
0.11000001430511401,0.0,CoolStuff,0.5,Cerulean_DrakeCore_Set_2020_FoiltrueNM-M,0,1.49,http://s.mtgprice.com/sets/Core_Set_2020/img/Cerulean Drake.full.jpg,True,1.49,Card Kingdom,Cerulean Drake,7.971015453338623,0.0,0,Core_Set_2020_Foil,/spoiler_lists/Core_Set_202_(Foil),/sets/Core_Set_2020_Foil/Cerulean_Drake
0.0,0.010000005364418,Card Kingdom,0.08,Chandra's_EmbercatCore_Set_2020_FoiltrueNM-M,0,0.2,http://s.mtgprice.com/sets/Core_Set_2020/img/Chandra's Embercat.full.jpg,True,0.2,TCG Player,Chandra's Embercat,0.0,5.263160705566406,0,Core_Set_2020_Foil,/spoiler_lists/Core_Set_202_(Foil),/sets/Core_Set_2020_Foil/Chandra's_Embercat
0.0,0.0,UNDEFINED,0.0,Chandra's_Flame_WaveCore_Set_2020_FoiltrueNM-M,0,0.0,http://s.mtgprice.com/sets/Core_Set_2020/img/Chandra's Flame Wave.full.jpg,True,999999.0,Unknown,Chandra's Flame Wave,,,0,Core_Set_2020_Foil,/spoiler_lists/Core_Set_202_(Foil),/sets/Core_Set_2020_Foil/Chandra's_Flame_Wave
0.0,0.0,ChannelFireball,0.05,Chandra's_OutrageCore_Set_2020_FoiltrueNM-M,0,0.05,http://s.mtgprice.com/sets/Core_Set_2020/img/Chandra's Outrage.full.jpg,True,0.05,TCG Player,Chandra's Outrage,0.0,0.0,0,Core_Set_2020_Foil,/spoiler_lists/Core_Set_202_(Foil),/sets/Core_Set_2020_Foil/Chandra's_Outrage
-0.020000010728836,0.0,ChannelFireball,0.25,Chandra's_RegulatorCore_Set_2020_FoiltrueNM-M,0,0.44,http://s.mtgprice.com/sets/Core_Set_2020/img/Chandra's Regulator.full.jpg,True,0.44,TCG Player,Chandra's Regulator,-4.347828388214111,0.0,0,Core_Set_2020_Foil,/spoiler_lists/Core_Set_202_(Foil),/sets/Core_Set_2020_Foil/Chandra's_Regulator
0.0,0.0,ChannelFireball,0.05,Chandra's_SpitfireCore_Set_2020_FoiltrueNM-M,0,1.13,http://s.mtgprice.com/sets/Core_Set_2020/img/Chandra's Spitfire.full.jpg,True,0.49,CoolStuff,Chandra's Spitfire,0.0,0.0,0,Core_Set_2020_Foil,/spoiler_lists/Core_Set_202_(Foil),/sets/Core_Set_2020_Foil/Chandra's_Spitfire
0.8400001525878901,0.0,ChannelFireball,4.0,"Chandra,_Acolyte_of_FlameCore_Set_2020_FoiltrueNM-M",0,5.82,"http://s.mtgprice.com/sets/Core_Set_2020/img/Chandra, Acolyte of Flame.full.jpg",True,5.82,TCG Player,"Chandra, Acolyte of Flame",16.86747169494629,0.0,0,Core_Set_2020_Foil,/spoiler_lists/Core_Set_202_(Foil),"/sets/Core_Set_2020_Foil/Chandra,_Acolyte_of_Flame"
1.469999313354492,0.0,StrikeZone,15.0,"Chandra,_Awakened_InfernoCore_Set_2020_FoiltrueNM-M",0,19.99,"http://s.mtgprice.com/sets/Core_Set_2020/img/Chandra, Awakened Inferno.full.jpg",True,19.99,TCG Player,"Chandra, Awakened Inferno",7.937361240386963,0.0,0,Core_Set_2020_Foil,/spoiler_lists/Core_Set_202_(Foil),"/sets/Core_Set_2020_Foil/Chandra,_Awakened_Inferno"
-0.010000228881835,0.0,Card Kingdom,4.7,"Chandra,_Flame's_FuryCore_Set_2020_FoiltrueNM-M",0,4.47,"http://s.mtgprice.com/sets/Core_Set_2020/img/Chandra, Flame's Fury.full.jpg",True,4.47,TCG Player,"Chandra, Flame's Fury",-0.22321939468383703,0.0,0,Core_Set_2020_Foil,/spoiler_lists/Core_Set_202_(Foil),"/sets/Core_Set_2020_Foil/Chandra,_Flame's_Fury"
-0.02999997138977,0.0,Card Kingdom,0.45,"Chandra,_Novice_PyromancerCore_Set_2020_FoiltrueNM-M",0,0.85,"http://s.mtgprice.com/sets/Core_Set_2020/img/Chandra, Novice Pyromancer.full.jpg",True,0.85,TCG Player,"Chandra, Novice Pyromancer",-3.409087657928467,0.0,0,Core_Set_2020_Foil,/spoiler_lists/Core_Set_202_(Foil),"/sets/Core_Set_2020_Foil/Chandra,_Novice_Pyromancer"
-0.659999966621398,0.0,Card Kingdom,0.16,Cloudkin_SeerCore_Set_2020_FoiltrueNM-M,0,0.47000000000000003,http://s.mtgprice.com/sets/Core_Set_2020/img/Cloudkin Seer.full.jpg,True,0.47,TCG Player,Cloudkin Seer,-58.407073974609375,0.0,0,Core_Set_2020_Foil,/spoiler_lists/Core_Set_202_(Foil),/sets/Core_Set_2020_Foil/Cloudkin_Seer
-0.7100000381469721,0.0,TCG Player,1.6,Colossus_HammerCore_Set_2020_FoiltrueNM-M,0,1.78,http://s.mtgprice.com/sets/Core_Set_2020/img/Colossus Hammer.full.jpg,True,1.78,TCG Player,Colossus Hammer,-28.514057159423828,0.0,0,Core_Set_2020_Foil,/spoiler_lists/Core_Set_202_(Foil),/sets/Core_Set_2020_Foil/Colossus_Hammer
0.0,0.0,ChannelFireball,0.05,ConvoluteCore_Set_2020_FoiltrueNM-M,0,0.02,http://s.mtgprice.com/sets/Core_Set_2020/img/Convolute.full.jpg,True,0.02,TCG Player,Convolute,0.0,0.0,0,Core_Set_2020_Foil,/spoiler_lists/Core_Set_202_(Foil),/sets/Core_Set_2020_Foil/Convolute
-0.019999980926513002,0.0,TCG Player,0.16,Corpse_KnightCore_Set_2020_FoiltrueNM-M,0,0.5700000000000001,http://s.mtgprice.com/sets/Core_Set_2020/img/Corpse Knight.full.jpg,True,0.49,Card Kingdom,Corpse Knight,-3.3898274898529053,0.0,0,Core_Set_2020_Foil,/spoiler_lists/Core_Set_202_(Foil),/sets/Core_Set_2020_Foil/Corpse_Knight
0.0,0.0,TCG Player,0.07,Creeping_TrailblazerCore_Set_2020_FoiltrueNM-M,0,0.4,http://s.mtgprice.com/sets/Core_Set_2020/img/Creeping Trailblazer.full.jpg,True,0.4,TCG Player,Creeping Trailblazer,0.0,0.0,0,Core_Set_2020_Foil,/spoiler_lists/Core_Set_202_(Foil),/sets/Core_Set_2020_Foil/Creeping_Trailblazer
-0.069999992847442,0.0,Card Kingdom,0.45,Cryptic_CavesCore_Set_2020_FoiltrueNM-M,0,0.67,http://s.mtgprice.com/sets/Core_Set_2020/img/Cryptic Caves.full.jpg,True,0.67,TCG Player,Cryptic Caves,-9.459458351135254,0.0,0,Core_Set_2020_Foil,/spoiler_lists/Core_Set_202_(Foil),/sets/Core_Set_2020_Foil/Cryptic_Caves
0.0,0.0,ChannelFireball,0.05,Daggersail_AeronautCore_Set_2020_FoiltrueNM-M,0,0.05,http://s.mtgprice.com/sets/Core_Set_2020/img/Daggersail Aeronaut.full.jpg,True,0.05,TCG Player,Daggersail Aeronaut,0.0,0.0,0,Core_Set_2020_Foil,/spoiler_lists/Core_Set_202_(Foil),/sets/Core_Set_2020_Foil/Daggersail_Aeronaut
0.0,0.0,UNDEFINED,0.0,Dark_RemedyCore_Set_2020_FoiltrueNM-M,0,0.0,http://s.mtgprice.com/sets/Core_Set_2020/img/Dark Remedy.full.jpg,True,999999.0,Unknown,Dark Remedy,,,0,Core_Set_2020_Foil,/spoiler_lists/Core_Set_202_(Foil),/sets/Core_Set_2020_Foil/Dark_Remedy
0.0,0.0,ChannelFireball,0.05,Dawning_AngelCore_Set_2020_FoiltrueNM-M,0,0.86,http://s.mtgprice.com/sets/Core_Set_2020/img/Dawning Angel.full.jpg,True,0.25,Card Kingdom,Dawning Angel,0.0,0.0,0,Core_Set_2020_Foil,/spoiler_lists/Core_Set_202_(Foil),/sets/Core_Set_2020_Foil/Dawning_Angel
0.0,0.0,ChannelFireball,0.05,Daybreak_ChaplainCore_Set_2020_FoiltrueNM-M,0,0.88,http://s.mtgprice.com/sets/Core_Set_2020/img/Daybreak Chaplain.full.jpg,True,0.25,Card Kingdom,Daybreak Chaplain,0.0,0.0,0,Core_Set_2020_Foil,/spoiler_lists/Core_Set_202_(Foil),/sets/Core_Set_2020_Foil/Daybreak_Chaplain
0.0,0.0,ChannelFireball,0.05,Destructive_DiggerCore_Set_2020_FoiltrueNM-M,0,0.84,http://s.mtgprice.com/sets/Core_Set_2020/img/Destructive Digger.full.jpg,True,0.25,Card Kingdom,Destructive Digger,0.0,0.0,0,Core_Set_2020_Foil,/spoiler_lists/Core_Set_202_(Foil),/sets/Core_Set_2020_Foil/Destructive_Digger
0.009999990463256002,-0.21000003814697202,Card Kingdom,0.6,Devout_DecreeCore_Set_2020_FoiltrueNM-M,0,2.43,http://s.mtgprice.com/sets/Core_Set_2020/img/Devout Decree.full.jpg,True,1.99,Card Kingdom,Devout Decree,0.413222759962081,-7.954546928405762,0,Core_Set_2020_Foil,/spoiler_lists/Core_Set_202_(Foil),/sets/Core_Set_2020_Foil/Devout_Decree
0.0,0.0,Card Kingdom,0.13,Diamond_KnightCore_Set_2020_FoiltrueNM-M,0,0.19,http://s.mtgprice.com/sets/Core_Set_2020/img/Diamond Knight.full.jpg,True,0.19,TCG Player,Diamond Knight,0.0,0.0,0,Core_Set_2020_Foil,/spoiler_lists/Core_Set_202_(Foil),/sets/Core_Set_2020_Foil/Diamond_Knight
0.009999990463256002,0.0,Card Kingdom,0.06,DisenchantCore_Set_2020_FoiltrueNM-M,0,0.21,http://s.mtgprice.com/sets/Core_Set_2020/img/Disenchant.full.jpg,True,0.21,TCG Player,Disenchant,4.999995231628418,0.0,0,Core_Set_2020_Foil,/spoiler_lists/Core_Set_202_(Foil),/sets/Core_Set_2020_Foil/Disenchant
0.030000001192092004,0.049999997019767005,Card Kingdom,0.08,DisfigureCore_Set_2020_FoiltrueNM-M,0,0.25,http://s.mtgprice.com/sets/Core_Set_2020/img/Disfigure.full.jpg,True,0.25,TCG Player,Disfigure,13.636363983154297,24.999998092651367,0,Core_Set_2020_Foil,/spoiler_lists/Core_Set_202_(Foil),/sets/Core_Set_2020_Foil/Disfigure
0.06000000238418501,0.0,Card Kingdom,0.2,Dismal_BackwaterCore_Set_2020_FoiltrueNM-M,0,0.4,http://s.mtgprice.com/sets/Core_Set_2020/img/Dismal Backwater.full.jpg,True,0.4,TCG Player,Dismal Backwater,17.647058486938477,0.0,0,Core_Set_2020_Foil,/spoiler_lists/Core_Set_202_(Foil),/sets/Core_Set_2020_Foil/Dismal_Backwater
0.0,0.0,ChannelFireball,0.05,Diviner's_LockboxCore_Set_2020_FoiltrueNM-M,0,0.08,http://s.mtgprice.com/sets/Core_Set_2020/img/Diviner's Lockbox.full.jpg,True,0.08,TCG Player,Diviner's Lockbox,0.0,0.0,0,Core_Set_2020_Foil,/spoiler_lists/Core_Set_202_(Foil),/sets/Core_Set_2020_Foil/Diviner's_Lockbox
0.620000064373016,0.0,ChannelFireball,0.05,Dragon_MageCore_Set_2020_FoiltrueNM-M,0,1.07,http://s.mtgprice.com/sets/Core_Set_2020/img/Dragon Mage.full.jpg,True,0.33,StrikeZone,Dragon Mage,137.7777862548828,0.0,0,Core_Set_2020_Foil,/spoiler_lists/Core_Set_202_(Foil),/sets/Core_Set_2020_Foil/Dragon_Mage
-0.46000003814697205,0.0,Card Kingdom,1.4,"Drakuseth,_Maw_of_FlamesCore_Set_2020_FoiltrueNM-M",0,2.32,"http://s.mtgprice.com/sets/Core_Set_2020/img/Drakuseth, Maw of Flames.full.jpg",True,2.32,TCG Player,"Drakuseth, Maw of Flames",-16.546764373779297,0.0,0,Core_Set_2020_Foil,/spoiler_lists/Core_Set_202_(Foil),"/sets/Core_Set_2020_Foil/Drakuseth,_Maw_of_Flames"
0.23000001907348602,0.0,StrikeZone,1.5,Drawn_from_DreamsCore_Set_2020_FoiltrueNM-M,0,2.9699999999999998,http://s.mtgprice.com/sets/Core_Set_2020/img/Drawn from Dreams.full.jpg,True,2.97,TCG Player,Drawn from Dreams,8.394161224365234,0.0,0,Core_Set_2020_Foil,/spoiler_lists/Core_Set_202_(Foil),/sets/Core_Set_2020_Foil/Drawn_from_Dreams
-0.019999980926513002,0.0,Card Kingdom,1.6,Dread_PresenceCore_Set_2020_FoiltrueNM-M,0,2.33,http://s.mtgprice.com/sets/Core_Set_2020/img/Dread Presence.full.jpg,True,2.33,TCG Player,Dread Presence,-0.8510630726814271,0.0,0,Core_Set_2020_Foil,/spoiler_lists/Core_Set_202_(Foil),/sets/Core_Set_2020_Foil/Dread_Presence
0.0,0.0,ChannelFireball,0.25,Dungeon_GeistsCore_Set_2020_FoiltrueNM-M,0,0.98,http://s.mtgprice.com/sets/Core_Set_2020/img/Dungeon Geists.full.jpg,True,0.75,CoolStuff,Dungeon Geists,0.0,0.0,0,Core_Set_2020_Foil,/spoiler_lists/Core_Set_202_(Foil),/sets/Core_Set_2020_Foil/Dungeon_Geists
0.0,0.0,ChannelFireball,0.05,DuressCore_Set_2020_FoiltrueNM-M,0,0.34,http://s.mtgprice.com/sets/Core_Set_2020/img/Duress.full.jpg,True,0.34,TCG Player,Duress,0.0,0.0,0,Core_Set_2020_Foil,/spoiler_lists/Core_Set_202_(Foil),/sets/Core_Set_2020_Foil/Duress
-0.809999942779541,0.0,StrikeZone,5.0,Elvish_ReclaimerCore_Set_2020_FoiltrueNM-M,0,4.82,http://s.mtgprice.com/sets/Core_Set_2020/img/Elvish Reclaimer.full.jpg,True,4.82,TCG Player,Elvish Reclaimer,-14.38720989227295,0.0,0,Core_Set_2020_Foil,/spoiler_lists/Core_Set_202_(Foil),/sets/Core_Set_2020_Foil/Elvish_Reclaimer
0.05999998748302401,0.009999990463256002,Card Kingdom,0.2,Ember_HaulerCore_Set_2020_FoiltrueNM-M,0,0.26,http://s.mtgprice.com/sets/Core_Set_2020/img/Ember Hauler.full.jpg,True,0.26,TCG Player,Ember Hauler,29.99999237060547,3.999996185302734,0,Core_Set_2020_Foil,/spoiler_lists/Core_Set_202_(Foil),/sets/Core_Set_2020_Foil/Ember_Hauler
-0.009999990463256002,0.0,StrikeZone,0.25,Embodiment_of_AgoniesCore_Set_2020_FoiltrueNM-M,0,0.7000000000000001,http://s.mtgprice.com/sets/Core_Set_2020/img/Embodiment of Agonies.full.jpg,True,0.7,TCG Player,Embodiment of Agonies,-1.408449411392212,0.0,0,Core_Set_2020_Foil,/spoiler_lists/Core_Set_202_(Foil),/sets/Core_Set_2020_Foil/Embodiment_of_Agonies
4.460000038146973,0.0,StrikeZone,4.0,Empyrean_EagleCore_Set_2020_FoiltrueNM-M,0,6.25,http://s.mtgprice.com/sets/Core_Set_2020/img/Empyrean Eagle.full.jpg,True,6.25,TCG Player,Empyrean Eagle,249.1620330810547,0.0,0,Core_Set_2020_Foil,/spoiler_lists/Core_Set_202_(Foil),/sets/Core_Set_2020_Foil/Empyrean_Eagle
0.0,0.0,UNDEFINED,0.0,Engulfing_EruptionCore_Set_2020_FoiltrueNM-M,0,0.0,http://s.mtgprice.com/sets/Core_Set_2020/img/Engulfing Eruption.full.jpg,True,999999.0,Unknown,Engulfing Eruption,,,0,Core_Set_2020_Foil,/spoiler_lists/Core_Set_202_(Foil),/sets/Core_Set_2020_Foil/Engulfing_Eruption
0.0,0.0,Card Kingdom,0.05,Epicure_of_BloodCore_Set_2020_FoiltrueNM-M,0,0.1,http://s.mtgprice.com/sets/Core_Set_2020/img/Epicure of Blood.full.jpg,True,0.1,TCG Player,Epicure of Blood,0.0,0.0,0,Core_Set_2020_Foil,/spoiler_lists/Core_Set_202_(Foil),/sets/Core_Set_2020_Foil/Epicure_of_Blood
0.009999997913837001,0.0,ChannelFireball,0.05,Eternal_IsolationCore_Set_2020_FoiltrueNM-M,0,0.1,http://s.mtgprice.com/sets/Core_Set_2020/img/Eternal Isolation.full.jpg,True,0.1,TCG Player,Eternal Isolation,11.11110782623291,0.0,0,Core_Set_2020_Foil,/spoiler_lists/Core_Set_202_(Foil),/sets/Core_Set_2020_Foil/Eternal_Isolation
0.0,0.0,UNDEFINED,0.0,Ethereal_ElkCore_Set_2020_FoiltrueNM-M,0,0.0,http://s.mtgprice.com/sets/Core_Set_2020/img/Ethereal Elk.full.jpg,True,999999.0,Unknown,Ethereal Elk,,,0,Core_Set_2020_Foil,/spoiler_lists/Core_Set_202_(Foil),/sets/Core_Set_2020_Foil/Ethereal_Elk
0.0,0.0,Card Kingdom,0.25,Evolving_WildsCore_Set_2020_FoiltrueNM-M,0,0.33,http://s.mtgprice.com/sets/Core_Set_2020/img/Evolving Wilds.full.jpg,True,0.33,TCG Player,Evolving Wilds,0.0,0.0,0,Core_Set_2020_Foil,/spoiler_lists/Core_Set_202_(Foil),/sets/Core_Set_2020_Foil/Evolving_Wilds
0.009999990463256002,0.0,Card Kingdom,0.08,Faerie_MiscreantCore_Set_2020_FoiltrueNM-M,0,0.19,http://s.mtgprice.com/sets/Core_Set_2020/img/Faerie Miscreant.full.jpg,True,0.19,TCG Player,Faerie Miscreant,5.5555500984191895,0.0,0,Core_Set_2020_Foil,/spoiler_lists/Core_Set_202_(Foil),/sets/Core_Set_2020_Foil/Faerie_Miscreant
0.0,0.0,ChannelFireball,0.05,Fathom_Fleet_CutthroatCore_Set_2020_FoiltrueNM-M,0,0.08,http://s.mtgprice.com/sets/Core_Set_2020/img/Fathom Fleet Cutthroat.full.jpg,True,0.08,TCG Player,Fathom Fleet Cutthroat,0.0,0.0,0,Core_Set_2020_Foil,/spoiler_lists/Core_Set_202_(Foil),/sets/Core_Set_2020_Foil/Fathom_Fleet_Cutthroat
0.0,0.0,ChannelFireball,0.05,Fencing_AceCore_Set_2020_FoiltrueNM-M,0,0.11,http://s.mtgprice.com/sets/Core_Set_2020/img/Fencing Ace.full.jpg,True,0.11,TCG Player,Fencing Ace,0.0,0.0,0,Core_Set_2020_Foil,/spoiler_lists/Core_Set_202_(Foil),/sets/Core_Set_2020_Foil/Fencing_Ace
0.0,0.0,ChannelFireball,0.05,Feral_AbominationCore_Set_2020_FoiltrueNM-M,0,0.8200000000000001,http://s.mtgprice.com/sets/Core_Set_2020/img/Feral Abomination.full.jpg,True,0.25,Card Kingdom,Feral Abomination,0.0,0.0,0,Core_Set_2020_Foil,/spoiler_lists/Core_Set_202_(Foil),/sets/Core_Set_2020_Foil/Feral_Abomination
0.019999999552965,0.0,ChannelFireball,0.05,Feral_InvocationCore_Set_2020_FoiltrueNM-M,0,0.07,http://s.mtgprice.com/sets/Core_Set_2020/img/Feral Invocation.full.jpg,True,0.07,TCG Player,Feral Invocation,39.999996185302734,0.0,0,Core_Set_2020_Foil,/spoiler_lists/Core_Set_202_(Foil),/sets/Core_Set_2020_Foil/Feral_Invocation
0.0,0.0,Card Kingdom,0.08,Ferocious_PupCore_Set_2020_FoiltrueNM-M,0,0.27,http://s.mtgprice.com/sets/Core_Set_2020/img/Ferocious Pup.full.jpg,True,0.27,TCG Player,Ferocious Pup,0.0,0.0,0,Core_Set_2020_Foil,/spoiler_lists/Core_Set_202_(Foil),/sets/Core_Set_2020_Foil/Ferocious_Pup
-0.7399997711181641,-0.010000228881835,TCG Player,8.98,Field_of_the_DeadCore_Set_2020_FoiltrueNM-M,0,13.24,http://s.mtgprice.com/sets/Core_Set_2020/img/Field of the Dead.full.jpg,True,13.24,TCG Player,Field of the Dead,-5.293274879455566,-0.075473427772521,0,Core_Set_2020_Foil,/spoiler_lists/Core_Set_202_(Foil),/sets/Core_Set_2020_Foil/Field_of_the_Dead
0.0,0.0,ChannelFireball,0.05,Fire_ElementalCore_Set_2020_FoiltrueNM-M,0,0.06,http://s.mtgprice.com/sets/Core_Set_2020/img/Fire Elemental.full.jpg,True,0.06,TCG Player,Fire Elemental,0.0,0.0,0,Core_Set_2020_Foil,/spoiler_lists/Core_Set_202_(Foil),/sets/Core_Set_2020_Foil/Fire_Elemental
-0.009999990463256002,0.0,Card Kingdom,0.2,Flame_SweepCore_Set_2020_FoiltrueNM-M,0,0.43,http://s.mtgprice.com/sets/Core_Set_2020/img/Flame Sweep.full.jpg,True,0.43,TCG Player,Flame Sweep,-2.272725105285644,0.0,0,Core_Set_2020_Foil,/spoiler_lists/Core_Set_202_(Foil),/sets/Core_Set_2020_Foil/Flame_Sweep
0.149999976158142,0.0,CoolStuff,1.0,Flood_of_TearsCore_Set_2020_FoiltrueNM-M,0,1.9,http://s.mtgprice.com/sets/Core_Set_2020/img/Flood of Tears.full.jpg,True,1.59,StrikeZone,Flood of Tears,8.571427345275879,0.0,0,Core_Set_2020_Foil,/spoiler_lists/Core_Set_202_(Foil),/sets/Core_Set_2020_Foil/Flood_of_Tears
0.0,0.0,ChannelFireball,0.05,ForestCore_Set_2020_FoiltrueNM-M,0,0.47000000000000003,http://s.mtgprice.com/sets/Core_Set_2020/img/Forest.full.jpg,True,0.47,TCG Player,Forest,0.0,0.0,0,Core_Set_2020_Foil,/spoiler_lists/Core_Set_202_(Foil),/sets/Core_Set_2020_Foil/Forest
0.0,0.0,ChannelFireball,0.05,Fortress_CrabCore_Set_2020_FoiltrueNM-M,0,0.8200000000000001,http://s.mtgprice.com/sets/Core_Set_2020/img/Fortress Crab.full.jpg,True,0.25,Card Kingdom,Fortress Crab,0.0,0.0,0,Core_Set_2020_Foil,/spoiler_lists/Core_Set_202_(Foil),/sets/Core_Set_2020_Foil/Fortress_Crab
0.0,0.0,ChannelFireball,0.05,Frilled_Sea_SerpentCore_Set_2020_FoiltrueNM-M,0,0.79,http://s.mtgprice.com/sets/Core_Set_2020/img/Frilled Sea Serpent.full.jpg,True,0.25,Card Kingdom,Frilled Sea Serpent,0.0,0.0,0,Core_Set_2020_Foil,/spoiler_lists/Core_Set_202_(Foil),/sets/Core_Set_2020_Foil/Frilled_Sea_Serpent
0.010000005364418,0.0,ChannelFireball,0.05,Frost_LynxCore_Set_2020_FoiltrueNM-M,0,0.09,http://s.mtgprice.com/sets/Core_Set_2020/img/Frost Lynx.full.jpg,True,0.09,TCG Player,Frost Lynx,12.500007629394531,0.0,0,Core_Set_2020_Foil,/spoiler_lists/Core_Set_202_(Foil),/sets/Core_Set_2020_Foil/Frost_Lynx
-0.030000209808349002,0.0,Card Kingdom,3.5,FryCore_Set_2020_FoiltrueNM-M,0,4.97,http://s.mtgprice.com/sets/Core_Set_2020/img/Fry.full.jpg,True,4.97,TCG Player,Fry,-0.6000041961669921,0.0,0,Core_Set_2020_Foil,/spoiler_lists/Core_Set_202_(Foil),/sets/Core_Set_2020_Foil/Fry
-0.009999990463256002,0.0,StrikeZone,2.0,"Gargos,_Vicious_WatcherCore_Set_2020_FoiltrueNM-M",0,1.98,"http://s.mtgprice.com/sets/Core_Set_2020/img/Gargos, Vicious Watcher.full.jpg",True,1.98,TCG Player,"Gargos, Vicious Watcher",-0.5025120973587031,0.0,0,Core_Set_2020_Foil,/spoiler_lists/Core_Set_202_(Foil),"/sets/Core_Set_2020_Foil/Gargos,_Vicious_Watcher"
0.0,0.0,TCG Player,0.05,Gauntlets_of_LightCore_Set_2020_FoiltrueNM-M,0,0.15,http://s.mtgprice.com/sets/Core_Set_2020/img/Gauntlets of Light.full.jpg,True,0.15,TCG Player,Gauntlets of Light,0.0,0.0,0,Core_Set_2020_Foil,/spoiler_lists/Core_Set_202_(Foil),/sets/Core_Set_2020_Foil/Gauntlets_of_Light
0.0,0.0,ChannelFireball,0.05,Gift_of_ParadiseCore_Set_2020_FoiltrueNM-M,0,0.1,http://s.mtgprice.com/sets/Core_Set_2020/img/Gift of Paradise.full.jpg,True,0.1,TCG Player,Gift of Paradise,0.0,0.0,0,Core_Set_2020_Foil,/spoiler_lists/Core_Set_202_(Foil),/sets/Core_Set_2020_Foil/Gift_of_Paradise
0.0,0.0,ChannelFireball,0.05,Glaring_AegisCore_Set_2020_FoiltrueNM-M,0,0.08,http://s.mtgprice.com/sets/Core_Set_2020/img/Glaring Aegis.full.jpg,True,0.08,TCG Player,Glaring Aegis,0.0,0.0,0,Core_Set_2020_Foil,/spoiler_lists/Core_Set_202_(Foil),/sets/Core_Set_2020_Foil/Glaring_Aegis
-0.009999990463256002,0.0,Card Kingdom,0.6,Glint-Horn_BuccaneerCore_Set_2020_FoiltrueNM-M,0,0.8,http://s.mtgprice.com/sets/Core_Set_2020/img/Glint-Horn Buccaneer.full.jpg,True,0.8,TCG Player,Glint-Horn Buccaneer,-1.234566688537597,0.0,0,Core_Set_2020_Foil,/spoiler_lists/Core_Set_202_(Foil),/sets/Core_Set_2020_Foil/Glint-Horn_Buccaneer
0.0,0.0,UNDEFINED,0.0,Gnarlback_RhinoCore_Set_2020_FoiltrueNM-M,0,0.0,http://s.mtgprice.com/sets/Core_Set_2020/img/Gnarlback Rhino.full.jpg,True,999999.0,Unknown,Gnarlback Rhino,,,0,Core_Set_2020_Foil,/spoiler_lists/Core_Set_202_(Foil),/sets/Core_Set_2020_Foil/Gnarlback_Rhino
0.030000001192092004,0.0,ChannelFireball,0.05,Goblin_Bird-GrabberCore_Set_2020_FoiltrueNM-M,0,0.1,http://s.mtgprice.com/sets/Core_Set_2020/img/Goblin Bird-Grabber.full.jpg,True,0.1,TCG Player,Goblin Bird-Grabber,42.85714340209961,0.0,0,Core_Set_2020_Foil,/spoiler_lists/Core_Set_202_(Foil),/sets/Core_Set_2020_Foil/Goblin_Bird-Grabber
-0.049999982118606005,0.0,Card Kingdom,0.45,Goblin_RingleaderCore_Set_2020_FoiltrueNM-M,0,0.48,http://s.mtgprice.com/sets/Core_Set_2020/img/Goblin Ringleader.full.jpg,True,0.48,TCG Player,Goblin Ringleader,-9.433959007263184,0.0,0,Core_Set_2020_Foil,/spoiler_lists/Core_Set_202_(Foil),/sets/Core_Set_2020_Foil/Goblin_Ringleader
-0.010000001639127001,0.0,ChannelFireball,0.05,Goblin_SmugglerCore_Set_2020_FoiltrueNM-M,0,0.06,http://s.mtgprice.com/sets/Core_Set_2020/img/Goblin Smuggler.full.jpg,True,0.06,TCG Player,Goblin Smuggler,-14.28571605682373,0.0,0,Core_Set_2020_Foil,/spoiler_lists/Core_Set_202_(Foil),/sets/Core_Set_2020_Foil/Goblin_Smuggler
0.039999991655349,0.039999991655349,Card Kingdom,0.2,Gods_WillingCore_Set_2020_FoiltrueNM-M,0,0.44,http://s.mtgprice.com/sets/Core_Set_2020/img/Gods Willing.full.jpg,True,0.44,TCG Player,Gods Willing,9.999998092651367,9.999998092651367,0,Core_Set_2020_Foil,/spoiler_lists/Core_Set_202_(Foil),/sets/Core_Set_2020_Foil/Gods_Willing
0.0,0.0,UNDEFINED,0.0,Goldmane_GriffinCore_Set_2020_FoiltrueNM-M,0,0.0,http://s.mtgprice.com/sets/Core_Set_2020/img/Goldmane Griffin.full.jpg,True,999999.0,Unknown,Goldmane Griffin,,,0,Core_Set_2020_Foil,/spoiler_lists/Core_Set_202_(Foil),/sets/Core_Set_2020_Foil/Goldmane_Griffin
-0.14999961853027302,0.0,Card Kingdom,6.5,"Golos,_Tireless_PilgrimCore_Set_2020_FoiltrueNM-M",0,9.0,"http://s.mtgprice.com/sets/Core_Set_2020/img/Golos, Tireless Pilgrim.full.jpg",True,9.0,TCG Player,"Golos, Tireless Pilgrim",-1.6393400430679321,0.0,0,Core_Set_2020_Foil,/spoiler_lists/Core_Set_202_(Foil),"/sets/Core_Set_2020_Foil/Golos,_Tireless_Pilgrim"
0.049999997019767005,0.0,Card Kingdom,0.06,Gorging_VultureCore_Set_2020_FoiltrueNM-M,0,0.12,http://s.mtgprice.com/sets/Core_Set_2020/img/Gorging Vulture.full.jpg,True,0.12,TCG Player,Gorging Vulture,71.4285659790039,0.0,0,Core_Set_2020_Foil,/spoiler_lists/Core_Set_202_(Foil),/sets/Core_Set_2020_Foil/Gorging_Vulture
-0.25,0.0,CoolStuff,2.5,Grafdigger's_CageCore_Set_2020_FoiltrueNM-M,0,3.2800000000000002,http://s.mtgprice.com/sets/Core_Set_2020/img/Grafdigger's Cage.full.jpg,True,2.88,StrikeZone,Grafdigger's Cage,-7.0821533203125,0.0,0,Core_Set_2020_Foil,/spoiler_lists/Core_Set_202_(Foil),/sets/Core_Set_2020_Foil/Grafdigger's_Cage
-0.009999990463256002,0.0,ChannelFireball,0.05,GravediggerCore_Set_2020_FoiltrueNM-M,0,0.86,http://s.mtgprice.com/sets/Core_Set_2020/img/Gravedigger.full.jpg,True,0.25,Card Kingdom,Gravedigger,-1.149424195289611,0.0,0,Core_Set_2020_Foil,/spoiler_lists/Core_Set_202_(Foil),/sets/Core_Set_2020_Foil/Gravedigger
0.0,0.0,ChannelFireball,0.05,Greenwood_SentinelCore_Set_2020_FoiltrueNM-M,0,0.07,http://s.mtgprice.com/sets/Core_Set_2020/img/Greenwood Sentinel.full.jpg,True,0.07,TCG Player,Greenwood Sentinel,0.0,0.0,0,Core_Set_2020_Foil,/spoiler_lists/Core_Set_202_(Foil),/sets/Core_Set_2020_Foil/Greenwood_Sentinel
0.0,0.0,ChannelFireball,0.05,Griffin_ProtectorCore_Set_2020_FoiltrueNM-M,0,0.84,http://s.mtgprice.com/sets/Core_Set_2020/img/Griffin Protector.full.jpg,True,0.25,Card Kingdom,Griffin Protector,0.0,0.0,0,Core_Set_2020_Foil,/spoiler_lists/Core_Set_202_(Foil),/sets/Core_Set_2020_Foil/Griffin_Protector
-0.010000050067901,0.0,ChannelFireball,0.05,Griffin_SentinelCore_Set_2020_FoiltrueNM-M,0,0.84,http://s.mtgprice.com/sets/Core_Set_2020/img/Griffin Sentinel.full.jpg,True,0.25,Card Kingdom,Griffin Sentinel,-1.17647647857666,0.0,0,Core_Set_2020_Foil,/spoiler_lists/Core_Set_202_(Foil),/sets/Core_Set_2020_Foil/Griffin_Sentinel
0.0,0.0,ChannelFireball,0.05,Growth_CycleCore_Set_2020_FoiltrueNM-M,0,0.1,http://s.mtgprice.com/sets/Core_Set_2020/img/Growth Cycle.full.jpg,True,0.1,TCG Player,Growth Cycle,0.0,0.0,0,Core_Set_2020_Foil,/spoiler_lists/Core_Set_202_(Foil),/sets/Core_Set_2020_Foil/Growth_Cycle
0.090000003576278,0.0,ChannelFireball,0.05,Gruesome_ScourgerCore_Set_2020_FoiltrueNM-M,0,0.1,http://s.mtgprice.com/sets/Core_Set_2020/img/Gruesome Scourger.full.jpg,True,0.1,TCG Player,Gruesome Scourger,900.0001220703125,0.0,0,Core_Set_2020_Foil,/spoiler_lists/Core_Set_202_(Foil),/sets/Core_Set_2020_Foil/Gruesome_Scourger
-0.7999999523162841,0.0,Card Kingdom,0.25,Hanged_ExecutionerCore_Set_2020_FoiltrueNM-M,0,0.46,http://s.mtgprice.com/sets/Core_Set_2020/img/Hanged Executioner.full.jpg,True,0.46,TCG Player,Hanged Executioner,-63.49205780029297,0.0,0,Core_Set_2020_Foil,/spoiler_lists/Core_Set_202_(Foil),/sets/Core_Set_2020_Foil/Hanged_Executioner
0.0,0.0,ChannelFireball,0.05,Hard_CoverCore_Set_2020_FoiltrueNM-M,0,0.9,http://s.mtgprice.com/sets/Core_Set_2020/img/Hard Cover.full.jpg,True,0.25,Card Kingdom,Hard Cover,0.0,0.0,0,Core_Set_2020_Foil,/spoiler_lists/Core_Set_202_(Foil),/sets/Core_Set_2020_Foil/Hard_Cover
-0.009999990463256002,0.0,Card Kingdom,0.06,Healer_of_the_GladeCore_Set_2020_FoiltrueNM-M,0,0.27,http://s.mtgprice.com/sets/Core_Set_2020/img/Healer of the Glade.full.jpg,True,0.27,TCG Player,Healer of the Glade,-3.571424961090088,0.0,0,Core_Set_2020_Foil,/spoiler_lists/Core_Set_202_(Foil),/sets/Core_Set_2020_Foil/Healer_of_the_Glade
0.010000001639127001,0.0,ChannelFireball,0.05,Heart-Piercer_BowCore_Set_2020_FoiltrueNM-M,0,0.07,http://s.mtgprice.com/sets/Core_Set_2020/img/Heart-Piercer Bow.full.jpg,True,0.07,TCG Player,Heart-Piercer Bow,16.666669845581055,0.0,0,Core_Set_2020_Foil,/spoiler_lists/Core_Set_202_(Foil),/sets/Core_Set_2020_Foil/Heart-Piercer_Bow
0.0,0.0,ChannelFireball,0.05,Herald_of_the_SunCore_Set_2020_FoiltrueNM-M,0,0.8300000000000001,http://s.mtgprice.com/sets/Core_Set_2020/img/Herald of the Sun.full.jpg,True,0.25,Card Kingdom,Herald of the Sun,0.0,0.0,0,Core_Set_2020_Foil,/spoiler_lists/Core_Set_202_(Foil),/sets/Core_Set_2020_Foil/Herald_of_the_Sun
-0.7799999713897701,0.0,ChannelFireball,0.05,Howling_GiantCore_Set_2020_FoiltrueNM-M,0,0.12,http://s.mtgprice.com/sets/Core_Set_2020/img/Howling Giant.full.jpg,True,0.12,TCG Player,Howling Giant,-86.66666412353516,0.0,0,Core_Set_2020_Foil,/spoiler_lists/Core_Set_202_(Foil),/sets/Core_Set_2020_Foil/Howling_Giant
-0.45000004768371504,0.0,Card Kingdom,1.6,Icon_of_AncestryCore_Set_2020_FoiltrueNM-M,0,1.78,http://s.mtgprice.com/sets/Core_Set_2020/img/Icon of Ancestry.full.jpg,True,1.78,TCG Player,Icon of Ancestry,-20.17937469482422,0.0,0,Core_Set_2020_Foil,/spoiler_lists/Core_Set_202_(Foil),/sets/Core_Set_2020_Foil/Icon_of_Ancestry
0.0,0.0,UNDEFINED,0.0,Imperial_OutriderCore_Set_2020_FoiltrueNM-M,0,0.0,http://s.mtgprice.com/sets/Core_Set_2020/img/Imperial Outrider.full.jpg,True,999999.0,Unknown,Imperial Outrider,,,0,Core_Set_2020_Foil,/spoiler_lists/Core_Set_202_(Foil),/sets/Core_Set_2020_Foil/Imperial_Outrider
0.010000005364418,0.0,Card Kingdom,0.05,InfuriateCore_Set_2020_FoiltrueNM-M,0,0.17,http://s.mtgprice.com/sets/Core_Set_2020/img/Infuriate.full.jpg,True,0.17,TCG Player,Infuriate,6.250003814697266,0.0,0,Core_Set_2020_Foil,/spoiler_lists/Core_Set_202_(Foil),/sets/Core_Set_2020_Foil/Infuriate
0.0,0.0,ChannelFireball,0.05,Inspired_ChargeCore_Set_2020_FoiltrueNM-M,0,0.1,http://s.mtgprice.com/sets/Core_Set_2020/img/Inspired Charge.full.jpg,True,0.1,TCG Player,Inspired Charge,0.0,0.0,0,Core_Set_2020_Foil,/spoiler_lists/Core_Set_202_(Foil),/sets/Core_Set_2020_Foil/Inspired_Charge
0.0,0.0,ChannelFireball,0.05,Inspiring_CaptainCore_Set_2020_FoiltrueNM-M,0,0.05,http://s.mtgprice.com/sets/Core_Set_2020/img/Inspiring Captain.full.jpg,True,0.05,TCG Player,Inspiring Captain,0.0,0.0,0,Core_Set_2020_Foil,/spoiler_lists/Core_Set_202_(Foil),/sets/Core_Set_2020_Foil/Inspiring_Captain
0.0,0.0,ChannelFireball,0.05,Ironroot_WarlordCore_Set_2020_FoiltrueNM-M,0,0.15,http://s.mtgprice.com/sets/Core_Set_2020/img/Ironroot Warlord.full.jpg,True,0.15,TCG Player,Ironroot Warlord,0.0,0.0,0,Core_Set_2020_Foil,/spoiler_lists/Core_Set_202_(Foil),/sets/Core_Set_2020_Foil/Ironroot_Warlord
0.0,0.0,Card Kingdom,0.1,IslandCore_Set_2020_FoiltrueNM-M,0,0.66,http://s.mtgprice.com/sets/Core_Set_2020/img/Island.full.jpg,True,0.66,TCG Player,Island,0.0,0.0,0,Core_Set_2020_Foil,/spoiler_lists/Core_Set_202_(Foil),/sets/Core_Set_2020_Foil/Island
0.7300000190734861,0.0,Card Kingdom,0.2,Jungle_HollowCore_Set_2020_FoiltrueNM-M,0,0.9500000000000001,http://s.mtgprice.com/sets/Core_Set_2020/img/Jungle Hollow.full.jpg,True,0.25,CoolStuff,Jungle Hollow,331.8182067871094,0.0,0,Core_Set_2020_Foil,/spoiler_lists/Core_Set_202_(Foil),/sets/Core_Set_2020_Foil/Jungle_Hollow
0.48999977111816406,0.0,ChannelFireball,2.5,"Kaalia,_Zenith_SeekerCore_Set_2020_FoiltrueNM-M",0,4.22,"http://s.mtgprice.com/sets/Core_Set_2020/img/Kaalia, Zenith Seeker.full.jpg",True,4.22,TCG Player,"Kaalia, Zenith Seeker",13.136723518371582,0.0,0,Core_Set_2020_Foil,/spoiler_lists/Core_Set_202_(Foil),"/sets/Core_Set_2020_Foil/Kaalia,_Zenith_Seeker"
0.0,0.009999990463256002,ChannelFireball,0.05,Keldon_RaiderCore_Set_2020_FoiltrueNM-M,0,0.8300000000000001,http://s.mtgprice.com/sets/Core_Set_2020/img/Keldon Raider.full.jpg,True,0.25,Card Kingdom,Keldon Raider,0.0,1.219511032104492,0,Core_Set_2020_Foil,/spoiler_lists/Core_Set_202_(Foil),/sets/Core_Set_2020_Foil/Keldon_Raider
-0.010000228881835,0.0,Card Kingdom,4.5,"Kethis,_the_Hidden_HandCore_Set_2020_FoiltrueNM-M",0,5.74,"http://s.mtgprice.com/sets/Core_Set_2020/img/Kethis, the Hidden Hand.full.jpg",True,5.74,TCG Player,"Kethis, the Hidden Hand",-0.17391702532768202,0.0,0,Core_Set_2020_Foil,/spoiler_lists/Core_Set_202_(Foil),"/sets/Core_Set_2020_Foil/Kethis,_the_Hidden_Hand"
-0.279999732971191,0.349999904632568,ChannelFireball,5.0,Knight_of_the_Ebon_LegionCore_Set_2020_FoiltrueNM-M,0,7.71,http://s.mtgprice.com/sets/Core_Set_2020/img/Knight of the Ebon Legion.full.jpg,True,7.71,TCG Player,Knight of the Ebon Legion,-3.504377126693725,4.755433082580566,0,Core_Set_2020_Foil,/spoiler_lists/Core_Set_202_(Foil),/sets/Core_Set_2020_Foil/Knight_of_the_Ebon_Legion
0.29000043869018505,-0.009999275207519,StrikeZone,5.0,"Kykar,_Wind's_FuryCore_Set_2020_FoiltrueNM-M",0,8.27,"http://s.mtgprice.com/sets/Core_Set_2020/img/Kykar, Wind's Fury.full.jpg",True,6.99,Card Kingdom,"Kykar, Wind's Fury",3.634090662002563,-0.120764203369617,0,Core_Set_2020_Foil,/spoiler_lists/Core_Set_202_(Foil),"/sets/Core_Set_2020_Foil/Kykar,_Wind's_Fury"
0.03999999910593,0.0,ChannelFireball,0.05,Lavakin_BrawlerCore_Set_2020_FoiltrueNM-M,0,0.07,http://s.mtgprice.com/sets/Core_Set_2020/img/Lavakin Brawler.full.jpg,True,0.07,TCG Player,Lavakin Brawler,133.33334350585938,0.0,0,Core_Set_2020_Foil,/spoiler_lists/Core_Set_202_(Foil),/sets/Core_Set_2020_Foil/Lavakin_Brawler
-0.009999990463256002,0.0,Card Kingdom,0.6,Leafkin_DruidCore_Set_2020_FoiltrueNM-M,0,0.73,http://s.mtgprice.com/sets/Core_Set_2020/img/Leafkin Druid.full.jpg,True,0.73,TCG Player,Leafkin Druid,-1.35135006904602,0.0,0,Core_Set_2020_Foil,/spoiler_lists/Core_Set_202_(Foil),/sets/Core_Set_2020_Foil/Leafkin_Druid
-0.43000006675720204,0.0,StrikeZone,2.5,Legion's_EndCore_Set_2020_FoiltrueNM-M,0,2.59,http://s.mtgprice.com/sets/Core_Set_2020/img/Legion's End.full.jpg,True,1.99,Card Kingdom,Legion's End,-14.238412857055664,0.0,0,Core_Set_2020_Foil,/spoiler_lists/Core_Set_202_(Foil),/sets/Core_Set_2020_Foil/Legion's_End
0.0,0.0,TCG Player,1.66,Leyline_of_AbundanceCore_Set_2020_FoiltrueNM-M,0,2.38,http://s.mtgprice.com/sets/Core_Set_2020/img/Leyline of Abundance.full.jpg,True,1.99,Card Kingdom,Leyline of Abundance,0.0,0.0,0,Core_Set_2020_Foil,/spoiler_lists/Core_Set_202_(Foil),/sets/Core_Set_2020_Foil/Leyline_of_Abundance
-0.5,0.030000209808349002,TCG Player,4.02,Leyline_of_AnticipationCore_Set_2020_FoiltrueNM-M,0,6.98,http://s.mtgprice.com/sets/Core_Set_2020/img/Leyline of Anticipation.full.jpg,True,6.98,TCG Player,Leyline of Anticipation,-6.6844916343688965,0.43165773153305004,0,Core_Set_2020_Foil,/spoiler_lists/Core_Set_202_(Foil),/sets/Core_Set_2020_Foil/Leyline_of_Anticipation
0.059999942779541,0.0,Card Kingdom,0.75,Leyline_of_CombustionCore_Set_2020_FoiltrueNM-M,0,1.18,http://s.mtgprice.com/sets/Core_Set_2020/img/Leyline of Combustion.full.jpg,True,1.18,TCG Player,Leyline of Combustion,5.357137680053711,0.0,0,Core_Set_2020_Foil,/spoiler_lists/Core_Set_202_(Foil),/sets/Core_Set_2020_Foil/Leyline_of_Combustion
-0.050000190734863004,0.0,Card Kingdom,4.0,Leyline_of_SanctityCore_Set_2020_FoiltrueNM-M,0,4.98,http://s.mtgprice.com/sets/Core_Set_2020/img/Leyline of Sanctity.full.jpg,True,4.98,TCG Player,Leyline of Sanctity,-0.99403953552246,0.0,0,Core_Set_2020_Foil,/spoiler_lists/Core_Set_202_(Foil),/sets/Core_Set_2020_Foil/Leyline_of_Sanctity
-0.5,0.0,Card Kingdom,10.0,Leyline_of_the_VoidCore_Set_2020_FoiltrueNM-M,0,14.98,http://s.mtgprice.com/sets/Core_Set_2020/img/Leyline of the Void.full.jpg,True,14.98,TCG Player,Leyline of the Void,-3.229974269866943,0.0,0,Core_Set_2020_Foil,/spoiler_lists/Core_Set_202_(Foil),/sets/Core_Set_2020_Foil/Leyline_of_the_Void
-0.050000011920928004,0.049999997019767005,Card Kingdom,0.12,Lightning_StormkinCore_Set_2020_FoiltrueNM-M,0,0.25,http://s.mtgprice.com/sets/Core_Set_2020/img/Lightning Stormkin.full.jpg,True,0.25,TCG Player,Lightning Stormkin,-16.666669845581055,24.999998092651367,0,Core_Set_2020_Foil,/spoiler_lists/Core_Set_202_(Foil),/sets/Core_Set_2020_Foil/Lightning_Stormkin
0.019999995827674002,0.0,ChannelFireball,0.05,Loaming_ShamanCore_Set_2020_FoiltrueNM-M,0,0.19,http://s.mtgprice.com/sets/Core_Set_2020/img/Loaming Shaman.full.jpg,True,0.19,TCG Player,Loaming Shaman,11.764702796936035,0.0,0,Core_Set_2020_Foil,/spoiler_lists/Core_Set_202_(Foil),/sets/Core_Set_2020_Foil/Loaming_Shaman
-0.40999984741210904,0.010000228881835,StrikeZone,8.0,Lotus_FieldCore_Set_2020_FoiltrueNM-M,0,12.58,http://s.mtgprice.com/sets/Core_Set_2020/img/Lotus Field.full.jpg,True,12.58,TCG Player,Lotus Field,-3.156273126602173,0.07955631613731301,0,Core_Set_2020_Foil,/spoiler_lists/Core_Set_202_(Foil),/sets/Core_Set_2020_Foil/Lotus_Field
0.049999997019767005,0.0,ChannelFireball,0.25,Loxodon_LifechanterCore_Set_2020_FoiltrueNM-M,0,0.25,http://s.mtgprice.com/sets/Core_Set_2020/img/Loxodon Lifechanter.full.jpg,True,0.25,TCG Player,Loxodon Lifechanter,24.999998092651367,0.0,0,Core_Set_2020_Foil,/spoiler_lists/Core_Set_202_(Foil),/sets/Core_Set_2020_Foil/Loxodon_Lifechanter
0.0,0.0,Card Kingdom,0.09,Loyal_PegasusCore_Set_2020_FoiltrueNM-M,0,0.19,http://s.mtgprice.com/sets/Core_Set_2020/img/Loyal Pegasus.full.jpg,True,0.19,TCG Player,Loyal Pegasus,0.0,0.0,0,Core_Set_2020_Foil,/spoiler_lists/Core_Set_202_(Foil),/sets/Core_Set_2020_Foil/Loyal_Pegasus
0.0,0.0,ChannelFireball,0.05,Mammoth_SpiderCore_Set_2020_FoiltrueNM-M,0,0.81,http://s.mtgprice.com/sets/Core_Set_2020/img/Mammoth Spider.full.jpg,True,0.25,Card Kingdom,Mammoth Spider,0.0,0.0,0,Core_Set_2020_Foil,/spoiler_lists/Core_Set_202_(Foil),/sets/Core_Set_2020_Foil/Mammoth_Spider
0.0,0.0,ChannelFireball,0.05,Maniacal_RageCore_Set_2020_FoiltrueNM-M,0,0.05,http://s.mtgprice.com/sets/Core_Set_2020/img/Maniacal Rage.full.jpg,True,0.05,TCG Player,Maniacal Rage,0.0,0.0,0,Core_Set_2020_Foil,/spoiler_lists/Core_Set_202_(Foil),/sets/Core_Set_2020_Foil/Maniacal_Rage
-0.019999980926513002,0.0,Card Kingdom,3.0,Manifold_KeyCore_Set_2020_FoiltrueNM-M,0,4.55,http://s.mtgprice.com/sets/Core_Set_2020/img/Manifold Key.full.jpg,True,4.55,TCG Player,Manifold Key,-0.43763634562492304,0.0,0,Core_Set_2020_Foil,/spoiler_lists/Core_Set_202_(Foil),/sets/Core_Set_2020_Foil/Manifold_Key
0.0,0.0,ChannelFireball,0.05,Marauder's_AxeCore_Set_2020_FoiltrueNM-M,0,0.79,http://s.mtgprice.com/sets/Core_Set_2020/img/Marauder's Axe.full.jpg,True,0.25,Card Kingdom,Marauder's Axe,0.0,0.0,0,Core_Set_2020_Foil,/spoiler_lists/Core_Set_202_(Foil),/sets/Core_Set_2020_Foil/Marauder's_Axe
0.5499999523162841,0.0,ChannelFireball,0.25,Marauding_RaptorCore_Set_2020_FoiltrueNM-M,0,1.18,http://s.mtgprice.com/sets/Core_Set_2020/img/Marauding Raptor.full.jpg,True,1.18,TCG Player,Marauding Raptor,87.30158233642578,0.0,0,Core_Set_2020_Foil,/spoiler_lists/Core_Set_202_(Foil),/sets/Core_Set_2020_Foil/Marauding_Raptor
0.0,0.0,ChannelFireball,0.05,Mask_of_ImmolationCore_Set_2020_FoiltrueNM-M,0,0.14,http://s.mtgprice.com/sets/Core_Set_2020/img/Mask of Immolation.full.jpg,True,0.14,TCG Player,Mask of Immolation,0.0,0.0,0,Core_Set_2020_Foil,/spoiler_lists/Core_Set_202_(Foil),/sets/Core_Set_2020_Foil/Mask_of_Immolation
0.0,0.0,ChannelFireball,0.05,Master_SplicerCore_Set_2020_FoiltrueNM-M,0,0.07,http://s.mtgprice.com/sets/Core_Set_2020/img/Master Splicer.full.jpg,True,0.07,TCG Player,Master Splicer,0.0,0.0,0,Core_Set_2020_Foil,/spoiler_lists/Core_Set_202_(Foil),/sets/Core_Set_2020_Foil/Master_Splicer
0.019999995827674002,0.0,ChannelFireball,0.25,Masterful_ReplicationCore_Set_2020_FoiltrueNM-M,0,0.25,http://s.mtgprice.com/sets/Core_Set_2020/img/Masterful Replication.full.jpg,True,0.25,TCG Player,Masterful Replication,8.695650100708008,0.0,0,Core_Set_2020_Foil,/spoiler_lists/Core_Set_202_(Foil),/sets/Core_Set_2020_Foil/Masterful_Replication
-0.180000007152557,0.0,Card Kingdom,0.5,Meteor_GolemCore_Set_2020_FoiltrueNM-M,0,0.78,http://s.mtgprice.com/sets/Core_Set_2020/img/Meteor Golem.full.jpg,True,0.78,TCG Player,Meteor Golem,-18.750001907348633,0.0,0,Core_Set_2020_Foil,/spoiler_lists/Core_Set_202_(Foil),/sets/Core_Set_2020_Foil/Meteor_Golem
0.0,0.0,ChannelFireball,0.05,Metropolis_SpriteCore_Set_2020_FoiltrueNM-M,0,0.81,http://s.mtgprice.com/sets/Core_Set_2020/img/Metropolis Sprite.full.jpg,True,0.25,Card Kingdom,Metropolis Sprite,0.0,0.0,0,Core_Set_2020_Foil,/spoiler_lists/Core_Set_202_(Foil),/sets/Core_Set_2020_Foil/Metropolis_Sprite
0.0,0.0,ChannelFireball,0.05,Might_of_the_MassesCore_Set_2020_FoiltrueNM-M,0,0.12,http://s.mtgprice.com/sets/Core_Set_2020/img/Might of the Masses.full.jpg,True,0.12,TCG Player,Might of the Masses,0.0,0.0,0,Core_Set_2020_Foil,/spoiler_lists/Core_Set_202_(Foil),/sets/Core_Set_2020_Foil/Might_of_the_Masses
0.020000003278255,0.0,ChannelFireball,0.05,Mind_RotCore_Set_2020_FoiltrueNM-M,0,0.1,http://s.mtgprice.com/sets/Core_Set_2020/img/Mind Rot.full.jpg,True,0.1,TCG Player,Mind Rot,25.0000057220459,0.0,0,Core_Set_2020_Foil,/spoiler_lists/Core_Set_202_(Foil),/sets/Core_Set_2020_Foil/Mind_Rot
0.020000003278255,0.0,ChannelFireball,0.05,Moat_PiranhasCore_Set_2020_FoiltrueNM-M,0,0.09,http://s.mtgprice.com/sets/Core_Set_2020/img/Moat Piranhas.full.jpg,True,0.09,TCG Player,Moat Piranhas,28.57143211364746,0.0,0,Core_Set_2020_Foil,/spoiler_lists/Core_Set_202_(Foil),/sets/Core_Set_2020_Foil/Moat_Piranhas
0.25,0.0,Card Kingdom,0.7,Moldervine_ReclamationCore_Set_2020_FoiltrueNM-M,0,1.25,http://s.mtgprice.com/sets/Core_Set_2020/img/Moldervine Reclamation.full.jpg,True,1.25,TCG Player,Moldervine Reclamation,25.0,0.0,0,Core_Set_2020_Foil,/spoiler_lists/Core_Set_202_(Foil),/sets/Core_Set_2020_Foil/Moldervine_Reclamation
0.0,0.0,ChannelFireball,0.05,Moment_of_HeroismCore_Set_2020_FoiltrueNM-M,0,0.02,http://s.mtgprice.com/sets/Core_Set_2020/img/Moment of Heroism.full.jpg,True,0.02,TCG Player,Moment of Heroism,0.0,0.0,0,Core_Set_2020_Foil,/spoiler_lists/Core_Set_202_(Foil),/sets/Core_Set_2020_Foil/Moment_of_Heroism
0.0,0.0,ChannelFireball,0.05,Moorland_InquisitorCore_Set_2020_FoiltrueNM-M,0,0.79,http://s.mtgprice.com/sets/Core_Set_2020/img/Moorland Inquisitor.full.jpg,True,0.25,Card Kingdom,Moorland Inquisitor,0.0,0.0,0,Core_Set_2020_Foil,/spoiler_lists/Core_Set_202_(Foil),/sets/Core_Set_2020_Foil/Moorland_Inquisitor
0.0,0.0,ChannelFireball,0.05,MountainCore_Set_2020_FoiltrueNM-M,0,0.33,http://s.mtgprice.com/sets/Core_Set_2020/img/Mountain.full.jpg,True,0.33,TCG Player,Mountain,0.0,0.0,0,Core_Set_2020_Foil,/spoiler_lists/Core_Set_202_(Foil),/sets/Core_Set_2020_Foil/Mountain
-0.019999980926513002,0.0,CoolStuff,1.5,"Mu_Yanling,_Celestial_WindCore_Set_2020_FoiltrueNM-M",0,1.97,"http://s.mtgprice.com/sets/Core_Set_2020/img/Mu Yanling, Celestial Wind.full.jpg",True,1.97,TCG Player,"Mu Yanling, Celestial Wind",-1.005024194717407,0.0,0,Core_Set_2020_Foil,/spoiler_lists/Core_Set_202_(Foil),"/sets/Core_Set_2020_Foil/Mu_Yanling,_Celestial_Wind"
-0.119999885559082,-0.09999990463256801,StrikeZone,6.0,"Mu_Yanling,_Sky_DancerCore_Set_2020_FoiltrueNM-M",0,7.3,"http://s.mtgprice.com/sets/Core_Set_2020/img/Mu Yanling, Sky Dancer.full.jpg",True,7.3,TCG Player,"Mu Yanling, Sky Dancer",-1.617249131202697,-1.35135006904602,0,Core_Set_2020_Foil,/spoiler_lists/Core_Set_202_(Foil),"/sets/Core_Set_2020_Foil/Mu_Yanling,_Sky_Dancer"
-0.010000005364418,0.039999991655349,Card Kingdom,0.08,MurderCore_Set_2020_FoiltrueNM-M,0,0.24,http://s.mtgprice.com/sets/Core_Set_2020/img/Murder.full.jpg,True,0.24,TCG Player,Murder,-4.000001907348633,19.999996185302734,0,Core_Set_2020_Foil,/spoiler_lists/Core_Set_202_(Foil),/sets/Core_Set_2020_Foil/Murder
-0.7300000190734861,0.0,StrikeZone,4.0,Mystic_ForgeCore_Set_2020_FoiltrueNM-M,0,5.69,http://s.mtgprice.com/sets/Core_Set_2020/img/Mystic Forge.full.jpg,True,5.69,TCG Player,Mystic Forge,-11.37071704864502,0.0,0,Core_Set_2020_Foil,/spoiler_lists/Core_Set_202_(Foil),/sets/Core_Set_2020_Foil/Mystic_Forge
0.0,0.0,ChannelFireball,0.05,Natural_EndCore_Set_2020_FoiltrueNM-M,0,0.1,http://s.mtgprice.com/sets/Core_Set_2020/img/Natural End.full.jpg,True,0.1,TCG Player,Natural End,0.0,0.0,0,Core_Set_2020_Foil,/spoiler_lists/Core_Set_202_(Foil),/sets/Core_Set_2020_Foil/Natural_End
-0.790000021457672,0.0,TCG Player,0.05,NegateCore_Set_2020_FoiltrueNM-M,0,0.54,http://s.mtgprice.com/sets/Core_Set_2020/img/Negate.full.jpg,True,0.54,TCG Player,Negate,-59.398494720458984,0.0,0,Core_Set_2020_Foil,/spoiler_lists/Core_Set_202_(Foil),/sets/Core_Set_2020_Foil/Negate
0.039999961853027004,0.0,ChannelFireball,0.05,Netcaster_SpiderCore_Set_2020_FoiltrueNM-M,0,0.84,http://s.mtgprice.com/sets/Core_Set_2020/img/Netcaster Spider.full.jpg,True,0.25,Card Kingdom,Netcaster Spider,4.999995231628418,0.0,0,Core_Set_2020_Foil,/spoiler_lists/Core_Set_202_(Foil),/sets/Core_Set_2020_Foil/Netcaster_Spider
-0.5,-0.039999961853027004,ChannelFireball,2.5,Nightpack_AmbusherCore_Set_2020_FoiltrueNM-M,0,3.44,http://s.mtgprice.com/sets/Core_Set_2020/img/Nightpack Ambusher.full.jpg,True,3.44,TCG Player,Nightpack Ambusher,-12.69035530090332,-1.149424195289611,0,Core_Set_2020_Foil,/spoiler_lists/Core_Set_202_(Foil),/sets/Core_Set_2020_Foil/Nightpack_Ambusher
0.0,0.0,UNDEFINED,0.0,Nimble_BirdstickerCore_Set_2020_FoiltrueNM-M,0,0.0,http://s.mtgprice.com/sets/Core_Set_2020/img/Nimble Birdsticker.full.jpg,True,999999.0,Unknown,Nimble Birdsticker,,,0,Core_Set_2020_Foil,/spoiler_lists/Core_Set_202_(Foil),/sets/Core_Set_2020_Foil/Nimble_Birdsticker
-1.449999809265136,0.0,CoolStuff,3.0,Noxious_GraspCore_Set_2020_FoiltrueNM-M,0,4.03,http://s.mtgprice.com/sets/Core_Set_2020/img/Noxious Grasp.full.jpg,True,4.03,TCG Player,Noxious Grasp,-26.45985221862793,0.0,0,Core_Set_2020_Foil,/spoiler_lists/Core_Set_202_(Foil),/sets/Core_Set_2020_Foil/Noxious_Grasp
0.0,0.0,ChannelFireball,0.05,OctoprophetCore_Set_2020_FoiltrueNM-M,0,0.05,http://s.mtgprice.com/sets/Core_Set_2020/img/Octoprophet.full.jpg,True,0.05,TCG Player,Octoprophet,0.0,0.0,0,Core_Set_2020_Foil,/spoiler_lists/Core_Set_202_(Foil),/sets/Core_Set_2020_Foil/Octoprophet
0.009999997913837001,0.0,ChannelFireball,0.05,Ogre_SiegebreakerCore_Set_2020_FoiltrueNM-M,0,0.1,http://s.mtgprice.com/sets/Core_Set_2020/img/Ogre Siegebreaker.full.jpg,True,0.1,TCG Player,Ogre Siegebreaker,11.11110782623291,0.0,0,Core_Set_2020_Foil,/spoiler_lists/Core_Set_202_(Foil),/sets/Core_Set_2020_Foil/Ogre_Siegebreaker
-0.519999980926513,0.0,Card Kingdom,5.0,"Omnath,_Locus_of_the_RoilCore_Set_2020_FoiltrueNM-M",0,6.06,"http://s.mtgprice.com/sets/Core_Set_2020/img/Omnath, Locus of the Roil.full.jpg",True,6.06,TCG Player,"Omnath, Locus of the Roil",-7.902735710144043,0.0,0,Core_Set_2020_Foil,/spoiler_lists/Core_Set_202_(Foil),"/sets/Core_Set_2020_Foil/Omnath,_Locus_of_the_Roil"
0.02999997138977,0.0,ChannelFireball,0.05,OvercomeCore_Set_2020_FoiltrueNM-M,0,0.88,http://s.mtgprice.com/sets/Core_Set_2020/img/Overcome.full.jpg,True,0.25,Card Kingdom,Overcome,3.52940821647644,0.0,0,Core_Set_2020_Foil,/spoiler_lists/Core_Set_202_(Foil),/sets/Core_Set_2020_Foil/Overcome
0.0,0.0,Card Kingdom,0.13,Overgrowth_ElementalCore_Set_2020_FoiltrueNM-M,0,0.33,http://s.mtgprice.com/sets/Core_Set_2020/img/Overgrowth Elemental.full.jpg,True,0.33,TCG Player,Overgrowth Elemental,0.0,0.0,0,Core_Set_2020_Foil,/spoiler_lists/Core_Set_202_(Foil),/sets/Core_Set_2020_Foil/Overgrowth_Elemental
0.0,0.0,ChannelFireball,0.05,PacifismCore_Set_2020_FoiltrueNM-M,0,0.88,http://s.mtgprice.com/sets/Core_Set_2020/img/Pacifism.full.jpg,True,0.25,Card Kingdom,Pacifism,0.0,0.0,0,Core_Set_2020_Foil,/spoiler_lists/Core_Set_202_(Foil),/sets/Core_Set_2020_Foil/Pacifism
0.0,0.0,ChannelFireball,0.05,Pack_MastiffCore_Set_2020_FoiltrueNM-M,0,0.05,http://s.mtgprice.com/sets/Core_Set_2020/img/Pack Mastiff.full.jpg,True,0.05,TCG Player,Pack Mastiff,0.0,0.0,0,Core_Set_2020_Foil,/spoiler_lists/Core_Set_202_(Foil),/sets/Core_Set_2020_Foil/Pack_Mastiff
0.0,0.0,ChannelFireball,0.05,Pattern_MatcherCore_Set_2020_FoiltrueNM-M,0,0.09,http://s.mtgprice.com/sets/Core_Set_2020/img/Pattern Matcher.full.jpg,True,0.09,TCG Player,Pattern Matcher,0.0,0.0,0,Core_Set_2020_Foil,/spoiler_lists/Core_Set_202_(Foil),/sets/Core_Set_2020_Foil/Pattern_Matcher
0.0,0.0,ChannelFireball,0.05,PlainsCore_Set_2020_FoiltrueNM-M,0,0.24,http://s.mtgprice.com/sets/Core_Set_2020/img/Plains.full.jpg,True,0.24,TCG Player,Plains,0.0,0.0,0,Core_Set_2020_Foil,/spoiler_lists/Core_Set_202_(Foil),/sets/Core_Set_2020_Foil/Plains
0.079999983310699,0.0,ChannelFireball,0.25,Planar_CleansingCore_Set_2020_FoiltrueNM-M,0,0.48,http://s.mtgprice.com/sets/Core_Set_2020/img/Planar Cleansing.full.jpg,True,0.48,TCG Player,Planar Cleansing,19.999996185302734,0.0,0,Core_Set_2020_Foil,/spoiler_lists/Core_Set_202_(Foil),/sets/Core_Set_2020_Foil/Planar_Cleansing
0.0,0.0,ChannelFireball,0.05,PlummetCore_Set_2020_FoiltrueNM-M,0,0.06,http://s.mtgprice.com/sets/Core_Set_2020/img/Plummet.full.jpg,True,0.06,TCG Player,Plummet,0.0,0.0,0,Core_Set_2020_Foil,/spoiler_lists/Core_Set_202_(Foil),/sets/Core_Set_2020_Foil/Plummet
0.0,0.0,Card Kingdom,0.08,Portal_of_SanctuaryCore_Set_2020_FoiltrueNM-M,0,0.19,http://s.mtgprice.com/sets/Core_Set_2020/img/Portal of Sanctuary.full.jpg,True,0.19,TCG Player,Portal of Sanctuary,0.0,0.0,0,Core_Set_2020_Foil,/spoiler_lists/Core_Set_202_(Foil),/sets/Core_Set_2020_Foil/Portal_of_Sanctuary
0.0,0.0,ChannelFireball,0.05,PrismiteCore_Set_2020_FoiltrueNM-M,0,0.08,http://s.mtgprice.com/sets/Core_Set_2020/img/Prismite.full.jpg,True,0.08,TCG Player,Prismite,0.0,0.0,0,Core_Set_2020_Foil,/spoiler_lists/Core_Set_202_(Foil),/sets/Core_Set_2020_Foil/Prismite
0.740000009536743,0.740000009536743,ChannelFireball,0.05,Pulse_of_MurasaCore_Set_2020_FoiltrueNM-M,0,0.93,http://s.mtgprice.com/sets/Core_Set_2020/img/Pulse of Murasa.full.jpg,True,0.35,Card Kingdom,Pulse of Murasa,389.47369384765625,389.47369384765625,0,Core_Set_2020_Foil,/spoiler_lists/Core_Set_202_(Foil),/sets/Core_Set_2020_Foil/Pulse_of_Murasa
0.0,0.0,UNDEFINED,0.0,Pyroclastic_ElementalCore_Set_2020_FoiltrueNM-M,0,0.0,http://s.mtgprice.com/sets/Core_Set_2020/img/Pyroclastic Elemental.full.jpg,True,999999.0,Unknown,Pyroclastic Elemental,,,0,Core_Set_2020_Foil,/spoiler_lists/Core_Set_202_(Foil),/sets/Core_Set_2020_Foil/Pyroclastic_Elemental
0.0,0.0,ChannelFireball,0.05,Rabid_BiteCore_Set_2020_FoiltrueNM-M,0,0.08,http://s.mtgprice.com/sets/Core_Set_2020/img/Rabid Bite.full.jpg,True,0.08,TCG Player,Rabid Bite,0.0,0.0,0,Core_Set_2020_Foil,/spoiler_lists/Core_Set_202_(Foil),/sets/Core_Set_2020_Foil/Rabid_Bite
0.0,0.0,Card Kingdom,0.06,Raise_the_AlarmCore_Set_2020_FoiltrueNM-M,0,0.88,http://s.mtgprice.com/sets/Core_Set_2020/img/Raise the Alarm.full.jpg,True,0.25,Card Kingdom,Raise the Alarm,0.0,0.0,0,Core_Set_2020_Foil,/spoiler_lists/Core_Set_202_(Foil),/sets/Core_Set_2020_Foil/Raise_the_Alarm
0.0,0.0,Card Kingdom,0.08,Rapacious_DragonCore_Set_2020_FoiltrueNM-M,0,0.24,http://s.mtgprice.com/sets/Core_Set_2020/img/Rapacious Dragon.full.jpg,True,0.24,TCG Player,Rapacious Dragon,0.0,0.0,0,Core_Set_2020_Foil,/spoiler_lists/Core_Set_202_(Foil),/sets/Core_Set_2020_Foil/Rapacious_Dragon
0.0,0.0,ChannelFireball,0.05,Reckless_Air_StrikeCore_Set_2020_FoiltrueNM-M,0,0.08,http://s.mtgprice.com/sets/Core_Set_2020/img/Reckless Air Strike.full.jpg,True,0.08,TCG Player,Reckless Air Strike,0.0,0.0,0,Core_Set_2020_Foil,/spoiler_lists/Core_Set_202_(Foil),/sets/Core_Set_2020_Foil/Reckless_Air_Strike
0.0,0.0,ChannelFireball,0.05,Reduce_to_AshesCore_Set_2020_FoiltrueNM-M,0,0.05,http://s.mtgprice.com/sets/Core_Set_2020/img/Reduce to Ashes.full.jpg,True,0.05,TCG Player,Reduce to Ashes,0.0,0.0,0,Core_Set_2020_Foil,/spoiler_lists/Core_Set_202_(Foil),/sets/Core_Set_2020_Foil/Reduce_to_Ashes
0.0,0.0,ChannelFireball,0.05,Renowned_WeaponsmithCore_Set_2020_FoiltrueNM-M,0,0.07,http://s.mtgprice.com/sets/Core_Set_2020/img/Renowned Weaponsmith.full.jpg,True,0.07,TCG Player,Renowned Weaponsmith,0.0,0.0,0,Core_Set_2020_Foil,/spoiler_lists/Core_Set_202_(Foil),/sets/Core_Set_2020_Foil/Renowned_Weaponsmith
-0.020000010728836,0.0,ChannelFireball,0.25,Repeated_ReverberationCore_Set_2020_FoiltrueNM-M,0,0.45,http://s.mtgprice.com/sets/Core_Set_2020/img/Repeated Reverberation.full.jpg,True,0.45,TCG Player,Repeated Reverberation,-4.255321502685547,0.0,0,Core_Set_2020_Foil,/spoiler_lists/Core_Set_202_(Foil),/sets/Core_Set_2020_Foil/Repeated_Reverberation
0.0,0.0,ChannelFireball,0.05,Retributive_WandCore_Set_2020_FoiltrueNM-M,0,0.85,http://s.mtgprice.com/sets/Core_Set_2020/img/Retributive Wand.full.jpg,True,0.25,Card Kingdom,Retributive Wand,0.0,0.0,0,Core_Set_2020_Foil,/spoiler_lists/Core_Set_202_(Foil),/sets/Core_Set_2020_Foil/Retributive_Wand
0.0,0.0,UNDEFINED,0.0,"Rienne,_Angel_of_RebirthCore_Set_2020_FoiltrueNM-M",0,0.0,"http://s.mtgprice.com/sets/Core_Set_2020/img/Rienne, Angel of Rebirth.full.jpg",True,999999.0,Unknown,"Rienne, Angel of Rebirth",,,0,Core_Set_2020_Foil,/spoiler_lists/Core_Set_202_(Foil),"/sets/Core_Set_2020_Foil/Rienne,_Angel_of_Rebirth"
0.0,0.0,ChannelFireball,0.05,Ripscale_PredatorCore_Set_2020_FoiltrueNM-M,0,0.07,http://s.mtgprice.com/sets/Core_Set_2020/img/Ripscale Predator.full.jpg,True,0.07,TCG Player,Ripscale Predator,0.0,0.0,0,Core_Set_2020_Foil,/spoiler_lists/Core_Set_202_(Foil),/sets/Core_Set_2020_Foil/Ripscale_Predator
0.139999866485595,0.0,TCG Player,2.32,Risen_ReefCore_Set_2020_FoiltrueNM-M,0,4.17,http://s.mtgprice.com/sets/Core_Set_2020/img/Risen Reef.full.jpg,True,3.99,StrikeZone,Risen Reef,3.473942041397094,0.0,0,Core_Set_2020_Foil,/spoiler_lists/Core_Set_202_(Foil),/sets/Core_Set_2020_Foil/Risen_Reef
-0.10999965667724601,0.0,Card Kingdom,3.5,Rotting_RegisaurCore_Set_2020_FoiltrueNM-M,0,4.78,http://s.mtgprice.com/sets/Core_Set_2020/img/Rotting Regisaur.full.jpg,True,4.78,TCG Player,Rotting Regisaur,-2.249481678009033,0.0,0,Core_Set_2020_Foil,/spoiler_lists/Core_Set_202_(Foil),/sets/Core_Set_2020_Foil/Rotting_Regisaur
0.0,0.0,Card Kingdom,0.16,Rugged_HighlandsCore_Set_2020_FoiltrueNM-M,0,0.19,http://s.mtgprice.com/sets/Core_Set_2020/img/Rugged Highlands.full.jpg,True,0.19,TCG Player,Rugged Highlands,0.0,0.0,0,Core_Set_2020_Foil,/spoiler_lists/Core_Set_202_(Foil),/sets/Core_Set_2020_Foil/Rugged_Highlands
-0.020000040531158003,0.0,TCG Player,0.1,Rule_of_LawCore_Set_2020_FoiltrueNM-M,0,0.52,http://s.mtgprice.com/sets/Core_Set_2020/img/Rule of Law.full.jpg,True,0.52,TCG Player,Rule of Law,-3.70371127128601,0.0,0,Core_Set_2020_Foil,/spoiler_lists/Core_Set_202_(Foil),/sets/Core_Set_2020_Foil/Rule_of_Law
0.02999997138977,0.0,ChannelFireball,0.05,Sage's_Row_DenizenCore_Set_2020_FoiltrueNM-M,0,0.88,http://s.mtgprice.com/sets/Core_Set_2020/img/Sage's Row Denizen.full.jpg,True,0.25,Card Kingdom,Sage's Row Denizen,3.52940821647644,0.0,0,Core_Set_2020_Foil,/spoiler_lists/Core_Set_202_(Foil),/sets/Core_Set_2020_Foil/Sage's_Row_Denizen
-0.809999942779541,0.0,Card Kingdom,0.08,Salvager_of_RuinCore_Set_2020_FoiltrueNM-M,0,0.15,http://s.mtgprice.com/sets/Core_Set_2020/img/Salvager of Ruin.full.jpg,True,0.15,TCG Player,Salvager of Ruin,-84.37499237060547,0.0,0,Core_Set_2020_Foil,/spoiler_lists/Core_Set_202_(Foil),/sets/Core_Set_2020_Foil/Salvager_of_Ruin
0.0,0.0,ChannelFireball,0.05,Sanitarium_SkeletonCore_Set_2020_FoiltrueNM-M,0,0.08,http://s.mtgprice.com/sets/Core_Set_2020/img/Sanitarium Skeleton.full.jpg,True,0.08,TCG Player,Sanitarium Skeleton,0.0,0.0,0,Core_Set_2020_Foil,/spoiler_lists/Core_Set_202_(Foil),/sets/Core_Set_2020_Foil/Sanitarium_Skeleton
0.0,0.0,UNDEFINED,0.0,Savage_GorgerCore_Set_2020_FoiltrueNM-M,0,0.0,http://s.mtgprice.com/sets/Core_Set_2020/img/Savage Gorger.full.jpg,True,999999.0,Unknown,Savage Gorger,,,0,Core_Set_2020_Foil,/spoiler_lists/Core_Set_202_(Foil),/sets/Core_Set_2020_Foil/Savage_Gorger
0.0,0.0,UNDEFINED,0.0,Savannah_SageCore_Set_2020_FoiltrueNM-M,0,0.0,http://s.mtgprice.com/sets/Core_Set_2020/img/Savannah Sage.full.jpg,True,999999.0,Unknown,Savannah Sage,,,0,Core_Set_2020_Foil,/spoiler_lists/Core_Set_202_(Foil),/sets/Core_Set_2020_Foil/Savannah_Sage
0.0,0.0,Card Kingdom,0.2,Scampering_ScorcherCore_Set_2020_FoiltrueNM-M,0,0.49,http://s.mtgprice.com/sets/Core_Set_2020/img/Scampering Scorcher.full.jpg,True,0.49,TCG Player,Scampering Scorcher,0.0,0.0,0,Core_Set_2020_Foil,/spoiler_lists/Core_Set_202_(Foil),/sets/Core_Set_2020_Foil/Scampering_Scorcher
-0.20000004768371502,-0.170000076293945,CoolStuff,2.5,Scheming_SymmetryCore_Set_2020_FoiltrueNM-M,0,3.77,http://s.mtgprice.com/sets/Core_Set_2020/img/Scheming Symmetry.full.jpg,True,3.77,TCG Player,Scheming Symmetry,-5.037784576416016,-4.314723014831543,0,Core_Set_2020_Foil,/spoiler_lists/Core_Set_202_(Foil),/sets/Core_Set_2020_Foil/Scheming_Symmetry
0.0,0.0,Card Kingdom,0.45,Scholar_of_the_AgesCore_Set_2020_FoiltrueNM-M,0,0.24,http://s.mtgprice.com/sets/Core_Set_2020/img/Scholar of the Ages.full.jpg,True,0.24,TCG Player,Scholar of the Ages,0.0,0.0,0,Core_Set_2020_Foil,/spoiler_lists/Core_Set_202_(Foil),/sets/Core_Set_2020_Foil/Scholar_of_the_Ages
1.299999952316284,0.0,Card Kingdom,0.2,Scorch_SpitterCore_Set_2020_FoiltrueNM-M,0,2.59,http://s.mtgprice.com/sets/Core_Set_2020/img/Scorch Spitter.full.jpg,True,0.25,CoolStuff,Scorch Spitter,100.77519226074219,0.0,0,Core_Set_2020_Foil,/spoiler_lists/Core_Set_202_(Foil),/sets/Core_Set_2020_Foil/Scorch_Spitter
0.0,0.0,Card Kingdom,0.15,Scoured_BarrensCore_Set_2020_FoiltrueNM-M,0,0.25,http://s.mtgprice.com/sets/Core_Set_2020/img/Scoured Barrens.full.jpg,True,0.25,TCG Player,Scoured Barrens,0.0,0.0,0,Core_Set_2020_Foil,/spoiler_lists/Core_Set_202_(Foil),/sets/Core_Set_2020_Foil/Scoured_Barrens
-0.06000000238418501,0.0,Card Kingdom,0.16,ScuttlemuttCore_Set_2020_FoiltrueNM-M,0,0.92,http://s.mtgprice.com/sets/Core_Set_2020/img/Scuttlemutt.full.jpg,True,0.49,CoolStuff,Scuttlemutt,-6.122448921203613,0.0,0,Core_Set_2020_Foil,/spoiler_lists/Core_Set_202_(Foil),/sets/Core_Set_2020_Foil/Scuttlemutt
0.040000081062316006,0.0,Card Kingdom,0.9,Season_of_GrowthCore_Set_2020_FoiltrueNM-M,0,1.33,http://s.mtgprice.com/sets/Core_Set_2020/img/Season of Growth.full.jpg,True,1.33,TCG Player,Season of Growth,3.100781440734863,0.0,0,Core_Set_2020_Foil,/spoiler_lists/Core_Set_202_(Foil),/sets/Core_Set_2020_Foil/Season_of_Growth
0.0,0.0,ChannelFireball,0.05,Sedge_ScorpionCore_Set_2020_FoiltrueNM-M,0,0.06,http://s.mtgprice.com/sets/Core_Set_2020/img/Sedge Scorpion.full.jpg,True,0.06,TCG Player,Sedge Scorpion,0.0,0.0,0,Core_Set_2020_Foil,/spoiler_lists/Core_Set_202_(Foil),/sets/Core_Set_2020_Foil/Sedge_Scorpion
0.060000061988830004,0.0,ChannelFireball,1.5,"Sephara,_Sky's_BladeCore_Set_2020_FoiltrueNM-M",0,1.83,"http://s.mtgprice.com/sets/Core_Set_2020/img/Sephara, Sky's Blade.full.jpg",True,1.83,TCG Player,"Sephara, Sky's Blade",3.389833927154541,0.0,0,Core_Set_2020_Foil,/spoiler_lists/Core_Set_202_(Foil),"/sets/Core_Set_2020_Foil/Sephara,_Sky's_Blade"
0.49000000953674305,0.0,StrikeZone,1.0,Shared_SummonsCore_Set_2020_FoiltrueNM-M,0,2.48,http://s.mtgprice.com/sets/Core_Set_2020/img/Shared Summons.full.jpg,True,1.99,Card Kingdom,Shared Summons,24.62311553955078,0.0,0,Core_Set_2020_Foil,/spoiler_lists/Core_Set_202_(Foil),/sets/Core_Set_2020_Foil/Shared_Summons
0.0,0.0,StrikeZone,3.0,Shifting_CeratopsCore_Set_2020_FoiltrueNM-M,0,3.5300000000000002,http://s.mtgprice.com/sets/Core_Set_2020/img/Shifting Ceratops.full.jpg,True,3.53,TCG Player,Shifting Ceratops,0.0,0.0,0,Core_Set_2020_Foil,/spoiler_lists/Core_Set_202_(Foil),/sets/Core_Set_2020_Foil/Shifting_Ceratops
-0.079999983310699,0.0,TCG Player,0.03,ShockCore_Set_2020_FoiltrueNM-M,0,0.4,http://s.mtgprice.com/sets/Core_Set_2020/img/Shock.full.jpg,True,0.4,TCG Player,Shock,-16.666664123535156,0.0,0,Core_Set_2020_Foil,/spoiler_lists/Core_Set_202_(Foil),/sets/Core_Set_2020_Foil/Shock
0.030000001192092004,0.0,ChannelFireball,0.05,Silverback_ShamanCore_Set_2020_FoiltrueNM-M,0,0.11,http://s.mtgprice.com/sets/Core_Set_2020/img/Silverback Shaman.full.jpg,True,0.11,TCG Player,Silverback Shaman,37.500003814697266,0.0,0,Core_Set_2020_Foil,/spoiler_lists/Core_Set_202_(Foil),/sets/Core_Set_2020_Foil/Silverback_Shaman
0.009999990463256002,0.0,Card Kingdom,0.2,Skyknight_VanguardCore_Set_2020_FoiltrueNM-M,0,0.5,http://s.mtgprice.com/sets/Core_Set_2020/img/Skyknight Vanguard.full.jpg,True,0.5,TCG Player,Skyknight Vanguard,2.040814399719238,0.0,0,Core_Set_2020_Foil,/spoiler_lists/Core_Set_202_(Foil),/sets/Core_Set_2020_Foil/Skyknight_Vanguard
0.0,0.0,ChannelFireball,0.05,Sleep_ParalysisCore_Set_2020_FoiltrueNM-M,0,0.05,http://s.mtgprice.com/sets/Core_Set_2020/img/Sleep Paralysis.full.jpg,True,0.05,TCG Player,Sleep Paralysis,0.0,0.0,0,Core_Set_2020_Foil,/spoiler_lists/Core_Set_202_(Foil),/sets/Core_Set_2020_Foil/Sleep_Paralysis
0.0,0.0,ChannelFireball,0.05,Sorcerer_of_the_FangCore_Set_2020_FoiltrueNM-M,0,0.05,http://s.mtgprice.com/sets/Core_Set_2020/img/Sorcerer of the Fang.full.jpg,True,0.05,TCG Player,Sorcerer of the Fang,0.0,0.0,0,Core_Set_2020_Foil,/spoiler_lists/Core_Set_202_(Foil),/sets/Core_Set_2020_Foil/Sorcerer_of_the_Fang
0.0,0.0,UNDEFINED,0.0,Sorin's_GuideCore_Set_2020_FoiltrueNM-M,0,0.0,http://s.mtgprice.com/sets/Core_Set_2020/img/Sorin's Guide.full.jpg,True,999999.0,Unknown,Sorin's Guide,,,0,Core_Set_2020_Foil,/spoiler_lists/Core_Set_202_(Foil),/sets/Core_Set_2020_Foil/Sorin's_Guide
-1.270000457763671,-0.010000228881835,StrikeZone,16.0,"Sorin,_Imperious_BloodlordCore_Set_2020_FoiltrueNM-M",0,16.46,"http://s.mtgprice.com/sets/Core_Set_2020/img/Sorin, Imperious Bloodlord.full.jpg",True,16.46,TCG Player,"Sorin, Imperious Bloodlord",-7.163002967834473,-0.06071784719824701,0,Core_Set_2020_Foil,/spoiler_lists/Core_Set_202_(Foil),"/sets/Core_Set_2020_Foil/Sorin,_Imperious_Bloodlord"
0.8199999332427971,0.0,Card Kingdom,5.0,"Sorin,_Vampire_LordCore_Set_2020_FoiltrueNM-M",0,4.8100000000000005,"http://s.mtgprice.com/sets/Core_Set_2020/img/Sorin, Vampire Lord.full.jpg",True,4.81,TCG Player,"Sorin, Vampire Lord",20.551376342773438,0.0,0,Core_Set_2020_Foil,/spoiler_lists/Core_Set_202_(Foil),"/sets/Core_Set_2020_Foil/Sorin,_Vampire_Lord"
0.0,0.0,ChannelFireball,0.05,Soul_SalvageCore_Set_2020_FoiltrueNM-M,0,0.09,http://s.mtgprice.com/sets/Core_Set_2020/img/Soul Salvage.full.jpg,True,0.09,TCG Player,Soul Salvage,0.0,0.0,0,Core_Set_2020_Foil,/spoiler_lists/Core_Set_202_(Foil),/sets/Core_Set_2020_Foil/Soul_Salvage
0.049999997019767005,0.0,ChannelFireball,0.05,SoulmenderCore_Set_2020_FoiltrueNM-M,0,0.12,http://s.mtgprice.com/sets/Core_Set_2020/img/Soulmender.full.jpg,True,0.12,TCG Player,Soulmender,71.4285659790039,0.0,0,Core_Set_2020_Foil,/spoiler_lists/Core_Set_202_(Foil),/sets/Core_Set_2020_Foil/Soulmender
-0.300000190734863,0.0,TCG Player,2.02,Spectral_SailorCore_Set_2020_FoiltrueNM-M,0,4.47,http://s.mtgprice.com/sets/Core_Set_2020/img/Spectral Sailor.full.jpg,True,3.99,StrikeZone,Spectral Sailor,-6.289312362670898,0.0,0,Core_Set_2020_Foil,/spoiler_lists/Core_Set_202_(Foil),/sets/Core_Set_2020_Foil/Spectral_Sailor
0.0,0.0,ChannelFireball,0.05,Squad_CaptainCore_Set_2020_FoiltrueNM-M,0,0.81,http://s.mtgprice.com/sets/Core_Set_2020/img/Squad Captain.full.jpg,True,0.25,Card Kingdom,Squad Captain,0.0,0.0,0,Core_Set_2020_Foil,/spoiler_lists/Core_Set_202_(Foil),/sets/Core_Set_2020_Foil/Squad_Captain
-0.02999997138977,0.0,CoolStuff,1.5,Starfield_MysticCore_Set_2020_FoiltrueNM-M,0,3.26,http://s.mtgprice.com/sets/Core_Set_2020/img/Starfield Mystic.full.jpg,True,1.99,Card Kingdom,Starfield Mystic,-0.9118532538414,0.0,0,Core_Set_2020_Foil,/spoiler_lists/Core_Set_202_(Foil),/sets/Core_Set_2020_Foil/Starfield_Mystic
0.0,0.0,ChannelFireball,0.05,Steadfast_SentryCore_Set_2020_FoiltrueNM-M,0,0.8,http://s.mtgprice.com/sets/Core_Set_2020/img/Steadfast Sentry.full.jpg,True,0.25,Card Kingdom,Steadfast Sentry,0.0,0.0,0,Core_Set_2020_Foil,/spoiler_lists/Core_Set_202_(Foil),/sets/Core_Set_2020_Foil/Steadfast_Sentry
-0.190000057220458,0.0,ChannelFireball,2.5,Steel_OverseerCore_Set_2020_FoiltrueNM-M,0,2.7800000000000002,http://s.mtgprice.com/sets/Core_Set_2020/img/Steel Overseer.full.jpg,True,2.78,TCG Player,Steel Overseer,-6.397308349609375,0.0,0,Core_Set_2020_Foil,/spoiler_lists/Core_Set_202_(Foil),/sets/Core_Set_2020_Foil/Steel_Overseer
0.0,0.0,ChannelFireball,0.05,Stone_GolemCore_Set_2020_FoiltrueNM-M,0,0.79,http://s.mtgprice.com/sets/Core_Set_2020/img/Stone Golem.full.jpg,True,0.25,Card Kingdom,Stone Golem,0.0,0.0,0,Core_Set_2020_Foil,/spoiler_lists/Core_Set_202_(Foil),/sets/Core_Set_2020_Foil/Stone_Golem
0.0,0.0,Card Kingdom,0.1,SwampCore_Set_2020_FoiltrueNM-M,0,0.63,http://s.mtgprice.com/sets/Core_Set_2020/img/Swamp.full.jpg,True,0.63,TCG Player,Swamp,0.0,0.0,0,Core_Set_2020_Foil,/spoiler_lists/Core_Set_202_(Foil),/sets/Core_Set_2020_Foil/Swamp
0.0,0.0,Card Kingdom,0.1,Swiftwater_CliffsCore_Set_2020_FoiltrueNM-M,0,0.25,http://s.mtgprice.com/sets/Core_Set_2020/img/Swiftwater Cliffs.full.jpg,True,0.25,TCG Player,Swiftwater Cliffs,0.0,0.0,0,Core_Set_2020_Foil,/spoiler_lists/Core_Set_202_(Foil),/sets/Core_Set_2020_Foil/Swiftwater_Cliffs
0.049999952316284006,0.0,CoolStuff,1.0,Tale's_EndCore_Set_2020_FoiltrueNM-M,0,1.63,http://s.mtgprice.com/sets/Core_Set_2020/img/Tale's End.full.jpg,True,1.63,TCG Player,Tale's End,3.164554119110107,0.0,0,Core_Set_2020_Foil,/spoiler_lists/Core_Set_202_(Foil),/sets/Core_Set_2020_Foil/Tale's_End
0.0,0.0,ChannelFireball,0.05,Tectonic_RiftCore_Set_2020_FoiltrueNM-M,0,0.81,http://s.mtgprice.com/sets/Core_Set_2020/img/Tectonic Rift.full.jpg,True,0.25,Card Kingdom,Tectonic Rift,0.0,0.0,0,Core_Set_2020_Foil,/spoiler_lists/Core_Set_202_(Foil),/sets/Core_Set_2020_Foil/Tectonic_Rift
0.259999990463256,0.0,Card Kingdom,1.75,Temple_of_EpiphanyCore_Set_2020_FoiltrueNM-M,0,3.61,http://s.mtgprice.com/sets/Core_Set_2020/img/Temple of Epiphany.full.jpg,True,3.61,TCG Player,Temple of Epiphany,7.761193752288818,0.0,0,Core_Set_2020_Foil,/spoiler_lists/Core_Set_202_(Foil),/sets/Core_Set_2020_Foil/Temple_of_Epiphany
0.49000000953674305,-0.5,CoolStuff,1.5,Temple_of_MaladyCore_Set_2020_FoiltrueNM-M,0,2.49,http://s.mtgprice.com/sets/Core_Set_2020/img/Temple of Malady.full.jpg,True,2.29,StrikeZone,Temple of Malady,24.5,-16.722408294677734,0,Core_Set_2020_Foil,/spoiler_lists/Core_Set_202_(Foil),/sets/Core_Set_2020_Foil/Temple_of_Malady
-0.020000219345092003,0.0,Card Kingdom,1.6,Temple_of_MysteryCore_Set_2020_FoiltrueNM-M,0,2.12,http://s.mtgprice.com/sets/Core_Set_2020/img/Temple of Mystery.full.jpg,True,2.12,TCG Player,Temple of Mystery,-0.9345896244049071,0.0,0,Core_Set_2020_Foil,/spoiler_lists/Core_Set_202_(Foil),/sets/Core_Set_2020_Foil/Temple_of_Mystery
0.640000104904174,0.0,StrikeZone,1.5,Temple_of_SilenceCore_Set_2020_FoiltrueNM-M,0,2.98,http://s.mtgprice.com/sets/Core_Set_2020/img/Temple of Silence.full.jpg,True,2.98,TCG Player,Temple of Silence,27.350431442260742,0.0,0,Core_Set_2020_Foil,/spoiler_lists/Core_Set_202_(Foil),/sets/Core_Set_2020_Foil/Temple_of_Silence
-0.6700000762939451,0.0,StrikeZone,1.0,Temple_of_TriumphCore_Set_2020_FoiltrueNM-M,0,1.73,http://s.mtgprice.com/sets/Core_Set_2020/img/Temple of Triumph.full.jpg,True,1.73,TCG Player,Temple of Triumph,-27.916669845581055,0.0,0,Core_Set_2020_Foil,/spoiler_lists/Core_Set_202_(Foil),/sets/Core_Set_2020_Foil/Temple_of_Triumph
0.0,0.0,ChannelFireball,0.05,Thicket_CrasherCore_Set_2020_FoiltrueNM-M,0,0.07,http://s.mtgprice.com/sets/Core_Set_2020/img/Thicket Crasher.full.jpg,True,0.07,TCG Player,Thicket Crasher,0.0,0.0,0,Core_Set_2020_Foil,/spoiler_lists/Core_Set_202_(Foil),/sets/Core_Set_2020_Foil/Thicket_Crasher
0.0,0.0,UNDEFINED,0.0,Thirsting_BloodlordCore_Set_2020_FoiltrueNM-M,0,0.0,http://s.mtgprice.com/sets/Core_Set_2020/img/Thirsting Bloodlord.full.jpg,True,999999.0,Unknown,Thirsting Bloodlord,,,0,Core_Set_2020_Foil,/spoiler_lists/Core_Set_202_(Foil),/sets/Core_Set_2020_Foil/Thirsting_Bloodlord
0.0,0.0,Card Kingdom,0.1,Thornwood_FallsCore_Set_2020_FoiltrueNM-M,0,0.25,http://s.mtgprice.com/sets/Core_Set_2020/img/Thornwood Falls.full.jpg,True,0.25,TCG Player,Thornwood Falls,0.0,0.0,0,Core_Set_2020_Foil,/spoiler_lists/Core_Set_202_(Foil),/sets/Core_Set_2020_Foil/Thornwood_Falls
-0.6299999952316281,0.0,Card Kingdom,0.16,Thought_DistortionCore_Set_2020_FoiltrueNM-M,0,0.39,http://s.mtgprice.com/sets/Core_Set_2020/img/Thought Distortion.full.jpg,True,0.39,TCG Player,Thought Distortion,-61.764705657958984,0.0,0,Core_Set_2020_Foil,/spoiler_lists/Core_Set_202_(Foil),/sets/Core_Set_2020_Foil/Thought_Distortion
0.0,0.0,Card Kingdom,0.12,Thrashing_BrontodonCore_Set_2020_FoiltrueNM-M,0,0.29,http://s.mtgprice.com/sets/Core_Set_2020/img/Thrashing Brontodon.full.jpg,True,0.29,TCG Player,Thrashing Brontodon,0.0,0.0,0,Core_Set_2020_Foil,/spoiler_lists/Core_Set_202_(Foil),/sets/Core_Set_2020_Foil/Thrashing_Brontodon
0.0,0.0,Card Kingdom,0.45,Thunderkin_AwakenerCore_Set_2020_FoiltrueNM-M,0,1.28,http://s.mtgprice.com/sets/Core_Set_2020/img/Thunderkin Awakener.full.jpg,True,1.28,TCG Player,Thunderkin Awakener,0.0,0.0,0,Core_Set_2020_Foil,/spoiler_lists/Core_Set_202_(Foil),/sets/Core_Set_2020_Foil/Thunderkin_Awakener
-0.019999980926513002,0.0,Card Kingdom,0.25,Tomebound_LichCore_Set_2020_FoiltrueNM-M,0,0.79,http://s.mtgprice.com/sets/Core_Set_2020/img/Tomebound Lich.full.jpg,True,0.79,TCG Player,Tomebound Lich,-2.469133377075195,0.0,0,Core_Set_2020_Foil,/spoiler_lists/Core_Set_202_(Foil),/sets/Core_Set_2020_Foil/Tomebound_Lich
0.0,0.0,Card Kingdom,0.2,Tranquil_CoveCore_Set_2020_FoiltrueNM-M,0,1.03,http://s.mtgprice.com/sets/Core_Set_2020/img/Tranquil Cove.full.jpg,True,0.25,CoolStuff,Tranquil Cove,0.0,0.0,0,Core_Set_2020_Foil,/spoiler_lists/Core_Set_202_(Foil),/sets/Core_Set_2020_Foil/Tranquil_Cove
0.0,0.0,UNDEFINED,0.0,Twinblade_PaladinCore_Set_2020_FoiltrueNM-M,0,0.0,http://s.mtgprice.com/sets/Core_Set_2020/img/Twinblade Paladin.full.jpg,True,999999.0,Unknown,Twinblade Paladin,,,0,Core_Set_2020_Foil,/spoiler_lists/Core_Set_202_(Foil),/sets/Core_Set_2020_Foil/Twinblade_Paladin
-0.009999990463256002,0.0,ChannelFireball,0.05,Uncaged_FuryCore_Set_2020_FoiltrueNM-M,0,0.85,http://s.mtgprice.com/sets/Core_Set_2020/img/Uncaged Fury.full.jpg,True,0.25,Card Kingdom,Uncaged Fury,-1.162789583206176,0.0,0,Core_Set_2020_Foil,/spoiler_lists/Core_Set_202_(Foil),/sets/Core_Set_2020_Foil/Uncaged_Fury
0.7300000190734861,0.0,Card Kingdom,0.13,Unchained_BerserkerCore_Set_2020_FoiltrueNM-M,0,0.98,http://s.mtgprice.com/sets/Core_Set_2020/img/Unchained Berserker.full.jpg,True,0.49,ChannelFireball,Unchained Berserker,292.0,0.0,0,Core_Set_2020_Foil,/spoiler_lists/Core_Set_202_(Foil),/sets/Core_Set_2020_Foil/Unchained_Berserker
-0.010000050067901,0.0,ChannelFireball,0.05,Undead_ServantCore_Set_2020_FoiltrueNM-M,0,0.84,http://s.mtgprice.com/sets/Core_Set_2020/img/Undead Servant.full.jpg,True,0.25,Card Kingdom,Undead Servant,-1.17647647857666,0.0,0,Core_Set_2020_Foil,/spoiler_lists/Core_Set_202_(Foil),/sets/Core_Set_2020_Foil/Undead_Servant
0.0,0.0,Card Kingdom,0.1,Unholy_IndentureCore_Set_2020_FoiltrueNM-M,0,0.15,http://s.mtgprice.com/sets/Core_Set_2020/img/Unholy Indenture.full.jpg,True,0.15,TCG Player,Unholy Indenture,0.0,0.0,0,Core_Set_2020_Foil,/spoiler_lists/Core_Set_202_(Foil),/sets/Core_Set_2020_Foil/Unholy_Indenture
0.0,0.0,Card Kingdom,0.06,UnsummonCore_Set_2020_FoiltrueNM-M,0,0.24,http://s.mtgprice.com/sets/Core_Set_2020/img/Unsummon.full.jpg,True,0.24,TCG Player,Unsummon,0.0,0.0,0,Core_Set_2020_Foil,/spoiler_lists/Core_Set_202_(Foil),/sets/Core_Set_2020_Foil/Unsummon
0.0,0.0,Card Kingdom,1.6,Vampire_of_the_Dire_MoonCore_Set_2020_FoiltrueNM-M,0,2.79,http://s.mtgprice.com/sets/Core_Set_2020/img/Vampire of the Dire Moon.full.jpg,True,2.79,TCG Player,Vampire of the Dire Moon,0.0,0.0,0,Core_Set_2020_Foil,/spoiler_lists/Core_Set_202_(Foil),/sets/Core_Set_2020_Foil/Vampire_of_the_Dire_Moon
0.020000457763671,0.009998321533203,Card Kingdom,22.5,Veil_of_SummerCore_Set_2020_FoiltrueNM-M,0,33.0,http://s.mtgprice.com/sets/Core_Set_2020/img/Veil of Summer.full.jpg,True,26.99,StrikeZone,Veil of Summer,0.060644205659627005,0.030307125300168002,0,Core_Set_2020_Foil,/spoiler_lists/Core_Set_202_(Foil),/sets/Core_Set_2020_Foil/Veil_of_Summer
0.0,0.0,ChannelFireball,0.05,Vengeful_WarchiefCore_Set_2020_FoiltrueNM-M,0,0.05,http://s.mtgprice.com/sets/Core_Set_2020/img/Vengeful Warchief.full.jpg,True,0.05,TCG Player,Vengeful Warchief,0.0,0.0,0,Core_Set_2020_Foil,/spoiler_lists/Core_Set_202_(Foil),/sets/Core_Set_2020_Foil/Vengeful_Warchief
0.0,0.0,ChannelFireball,0.05,Vial_of_DragonfireCore_Set_2020_FoiltrueNM-M,0,0.05,http://s.mtgprice.com/sets/Core_Set_2020/img/Vial of Dragonfire.full.jpg,True,0.05,TCG Player,Vial of Dragonfire,0.0,0.0,0,Core_Set_2020_Foil,/spoiler_lists/Core_Set_202_(Foil),/sets/Core_Set_2020_Foil/Vial_of_Dragonfire
-0.009999752044677,0.0,Card Kingdom,3.0,"Vilis,_Broker_of_BloodCore_Set_2020_FoiltrueNM-M",0,5.09,"http://s.mtgprice.com/sets/Core_Set_2020/img/Vilis, Broker of Blood.full.jpg",True,5.09,TCG Player,"Vilis, Broker of Blood",-0.19607357680797502,0.0,0,Core_Set_2020_Foil,/spoiler_lists/Core_Set_202_(Foil),"/sets/Core_Set_2020_Foil/Vilis,_Broker_of_Blood"
0.0,0.0,UNDEFINED,0.0,Vivien's_CrocodileCore_Set_2020_FoiltrueNM-M,0,0.0,http://s.mtgprice.com/sets/Core_Set_2020/img/Vivien's Crocodile.full.jpg,True,999999.0,Unknown,Vivien's Crocodile,,,0,Core_Set_2020_Foil,/spoiler_lists/Core_Set_202_(Foil),/sets/Core_Set_2020_Foil/Vivien's_Crocodile
0.0,0.0,TCG Player,11.76,"Vivien,_Arkbow_RangerCore_Set_2020_FoiltrueNM-M",0,11.93,"http://s.mtgprice.com/sets/Core_Set_2020/img/Vivien, Arkbow Ranger.full.jpg",True,11.93,TCG Player,"Vivien, Arkbow Ranger",0.0,0.0,0,Core_Set_2020_Foil,/spoiler_lists/Core_Set_202_(Foil),"/sets/Core_Set_2020_Foil/Vivien,_Arkbow_Ranger"
-0.019999980926513002,0.0,Card Kingdom,2.5,"Vivien,_Nature's_AvengerCore_Set_2020_FoiltrueNM-M",0,3.22,"http://s.mtgprice.com/sets/Core_Set_2020/img/Vivien, Nature's Avenger.full.jpg",True,3.22,TCG Player,"Vivien, Nature's Avenger",-0.617283344268798,0.0,0,Core_Set_2020_Foil,/spoiler_lists/Core_Set_202_(Foil),"/sets/Core_Set_2020_Foil/Vivien,_Nature's_Avenger"
0.019999980926513002,0.0,CoolStuff,4.0,Voracious_HydraCore_Set_2020_FoiltrueNM-M,0,4.99,http://s.mtgprice.com/sets/Core_Set_2020/img/Voracious Hydra.full.jpg,True,4.99,TCG Player,Voracious Hydra,0.402414113283157,0.0,0,Core_Set_2020_Foil,/spoiler_lists/Core_Set_202_(Foil),/sets/Core_Set_2020_Foil/Voracious_Hydra
0.0,0.0,ChannelFireball,0.05,VorstclawCore_Set_2020_FoiltrueNM-M,0,0.1,http://s.mtgprice.com/sets/Core_Set_2020/img/Vorstclaw.full.jpg,True,0.1,TCG Player,Vorstclaw,0.0,0.0,0,Core_Set_2020_Foil,/spoiler_lists/Core_Set_202_(Foil),/sets/Core_Set_2020_Foil/Vorstclaw
0.0,0.0,ChannelFireball,0.25,Wakeroot_ElementalCore_Set_2020_FoiltrueNM-M,0,0.9,http://s.mtgprice.com/sets/Core_Set_2020/img/Wakeroot Elemental.full.jpg,True,0.49,Card Kingdom,Wakeroot Elemental,0.0,0.0,0,Core_Set_2020_Foil,/spoiler_lists/Core_Set_202_(Foil),/sets/Core_Set_2020_Foil/Wakeroot_Elemental
0.8000000119209291,0.0,ChannelFireball,0.05,Warden_of_Evos_IsleCore_Set_2020_FoiltrueNM-M,0,1.0,http://s.mtgprice.com/sets/Core_Set_2020/img/Warden of Evos Isle.full.jpg,True,0.25,Card Kingdom,Warden of Evos Isle,400.0,0.0,0,Core_Set_2020_Foil,/spoiler_lists/Core_Set_202_(Foil),/sets/Core_Set_2020_Foil/Warden_of_Evos_Isle
0.0,0.0,UNDEFINED,0.0,Waterkin_ShamanCore_Set_2020_FoiltrueNM-M,0,0.0,http://s.mtgprice.com/sets/Core_Set_2020/img/Waterkin Shaman.full.jpg,True,999999.0,Unknown,Waterkin Shaman,,,0,Core_Set_2020_Foil,/spoiler_lists/Core_Set_202_(Foil),/sets/Core_Set_2020_Foil/Waterkin_Shaman
0.0,0.0,UNDEFINED,0.0,Wildfire_ElementalCore_Set_2020_FoiltrueNM-M,0,0.0,http://s.mtgprice.com/sets/Core_Set_2020/img/Wildfire Elemental.full.jpg,True,999999.0,Unknown,Wildfire Elemental,,,0,Core_Set_2020_Foil,/spoiler_lists/Core_Set_202_(Foil),/sets/Core_Set_2020_Foil/Wildfire_Elemental
0.0,0.030000001192092004,Card Kingdom,0.1,Wind-Scarred_CragCore_Set_2020_FoiltrueNM-M,0,0.23,http://s.mtgprice.com/sets/Core_Set_2020/img/Wind-Scarred Crag.full.jpg,True,0.23,TCG Player,Wind-Scarred Crag,0.0,15.000000953674316,0,Core_Set_2020_Foil,/spoiler_lists/Core_Set_202_(Foil),/sets/Core_Set_2020_Foil/Wind-Scarred_Crag
0.0,0.0,Card Kingdom,0.2,Winged_WordsCore_Set_2020_FoiltrueNM-M,0,0.49,http://s.mtgprice.com/sets/Core_Set_2020/img/Winged Words.full.jpg,True,0.49,TCG Player,Winged Words,0.0,0.0,0,Core_Set_2020_Foil,/spoiler_lists/Core_Set_202_(Foil),/sets/Core_Set_2020_Foil/Winged_Words
0.0,0.0,ChannelFireball,0.05,Wolfkin_BondCore_Set_2020_FoiltrueNM-M,0,0.05,http://s.mtgprice.com/sets/Core_Set_2020/img/Wolfkin Bond.full.jpg,True,0.05,TCG Player,Wolfkin Bond,0.0,0.0,0,Core_Set_2020_Foil,/spoiler_lists/Core_Set_202_(Foil),/sets/Core_Set_2020_Foil/Wolfkin_Bond
-0.009999990463256002,0.0,ChannelFireball,0.05,Wolfrider's_SaddleCore_Set_2020_FoiltrueNM-M,0,0.87,http://s.mtgprice.com/sets/Core_Set_2020/img/Wolfrider's Saddle.full.jpg,True,0.25,Card Kingdom,Wolfrider's Saddle,-1.136362552642822,0.0,0,Core_Set_2020_Foil,/spoiler_lists/Core_Set_202_(Foil),/sets/Core_Set_2020_Foil/Wolfrider's_Saddle
0.0,0.0,Card Kingdom,0.08,Woodland_ChampionCore_Set_2020_FoiltrueNM-M,0,0.4,http://s.mtgprice.com/sets/Core_Set_2020/img/Woodland Champion.full.jpg,True,0.35,Card Kingdom,Woodland Champion,0.0,0.0,0,Core_Set_2020_Foil,/spoiler_lists/Core_Set_202_(Foil),/sets/Core_Set_2020_Foil/Woodland_Champion
0.0,0.0,UNDEFINED,0.0,Yanling's_HarbingerCore_Set_2020_FoiltrueNM-M,0,0.0,http://s.mtgprice.com/sets/Core_Set_2020/img/Yanling's Harbinger.full.jpg,True,999999.0,Unknown,Yanling's Harbinger,,,0,Core_Set_2020_Foil,/spoiler_lists/Core_Set_202_(Foil),/sets/Core_Set_2020_Foil/Yanling's_Harbinger
0.7799999713897701,0.0,Card Kingdom,0.6,Yarok's_FenlurkerCore_Set_2020_FoiltrueNM-M,0,1.97,http://s.mtgprice.com/sets/Core_Set_2020/img/Yarok's Fenlurker.full.jpg,True,1.97,TCG Player,Yarok's Fenlurker,65.54621124267578,0.0,0,Core_Set_2020_Foil,/spoiler_lists/Core_Set_202_(Foil),/sets/Core_Set_2020_Foil/Yarok's_Fenlurker
-0.009999997913837001,0.0,ChannelFireball,0.05,Yarok's_WavecrasherCore_Set_2020_FoiltrueNM-M,0,0.09,http://s.mtgprice.com/sets/Core_Set_2020/img/Yarok's Wavecrasher.full.jpg,True,0.09,TCG Player,Yarok's Wavecrasher,-9.999998092651367,0.0,0,Core_Set_2020_Foil,/spoiler_lists/Core_Set_202_(Foil),/sets/Core_Set_2020_Foil/Yarok's_Wavecrasher
0.559999465942382,0.0,CoolStuff,13.0,"Yarok,_the_DesecratedCore_Set_2020_FoiltrueNM-M",0,18.97,"http://s.mtgprice.com/sets/Core_Set_2020/img/Yarok, the Desecrated.full.jpg",True,18.97,TCG Player,"Yarok, the Desecrated",3.0418221950531,0.0,0,Core_Set_2020_Foil,/spoiler_lists/Core_Set_202_(Foil),"/sets/Core_Set_2020_Foil/Yarok,_the_Desecrated"
0.0,0.0,ChannelFireball,0.05,Yoked_OxCore_Set_2020_FoiltrueNM-M,0,0.79,http://s.mtgprice.com/sets/Core_Set_2020/img/Yoked Ox.full.jpg,True,0.25,Card Kingdom,Yoked Ox,0.0,0.0,0,Core_Set_2020_Foil,/spoiler_lists/Core_Set_202_(Foil),/sets/Core_Set_2020_Foil/Yoked_Ox
0.0,0.0,ChannelFireball,0.05,Zephyr_ChargeCore_Set_2020_FoiltrueNM-M,0,0.79,http://s.mtgprice.com/sets/Core_Set_2020/img/Zephyr Charge.full.jpg,True,0.25,Card Kingdom,Zephyr Charge,0.0,0.0,0,Core_Set_2020_Foil,/spoiler_lists/Core_Set_202_(Foil),/sets/Core_Set_2020_Foil/Zephyr_Charge
