absoluteChangeSinceOneWeekAgo,absoluteChangeSinceYesterday,bestVendorBuylist,bestVendorBuylistPrice,cardId,countForTrade,fair_price,fullImageUrl,isFoil,lowestPrice,lowestPriceVendor,name,percentageChangeSinceOneWeekAgo,percentageChangeSinceYesterday,quantity,setName,setUrl,url
0.0,0.0,UNDEFINED,0.0,Adaptive_ShimmererIkoria_Lair_of_BehemothsfalseNM-M,0,0.01,http://s.mtgprice.com/sets/Ikoria_Lair_of_Behemoths/img/Adaptive Shimmerer.full.jpg,False,0.01,TCG Player,Adaptive Shimmerer,0.0,0.0,0,Ikoria_Lair_of_Behemoths,/spoiler_lists/Ikoria_Lair_of_Behemoths,/sets/Ikoria_Lair_of_Behemoths/Adaptive_Shimmerer
0.0,0.0,UNDEFINED,0.0,Adventurous_ImpulseIkoria_Lair_of_BehemothsfalseNM-M,0,0.03,http://s.mtgprice.com/sets/Ikoria_Lair_of_Behemoths/img/Adventurous Impulse.full.jpg,False,0.03,TCG Player,Adventurous Impulse,0.0,0.0,0,Ikoria_Lair_of_Behemoths,/spoiler_lists/Ikoria_Lair_of_Behemoths,/sets/Ikoria_Lair_of_Behemoths/Adventurous_Impulse
0.0,0.0,UNDEFINED,0.0,Aegis_TurtleIkoria_Lair_of_BehemothsfalseNM-M,0,0.01,http://s.mtgprice.com/sets/Ikoria_Lair_of_Behemoths/img/Aegis Turtle.full.jpg,False,0.01,TCG Player,Aegis Turtle,0.0,0.0,0,Ikoria_Lair_of_Behemoths,/spoiler_lists/Ikoria_Lair_of_Behemoths,/sets/Ikoria_Lair_of_Behemoths/Aegis_Turtle
0.0,0.0,UNDEFINED,0.0,Alert_HeedbonderIkoria_Lair_of_BehemothsfalseNM-M,0,0.04,http://s.mtgprice.com/sets/Ikoria_Lair_of_Behemoths/img/Alert Heedbonder.full.jpg,False,0.04,TCG Player,Alert Heedbonder,0.0,0.0,0,Ikoria_Lair_of_Behemoths,/spoiler_lists/Ikoria_Lair_of_Behemoths,/sets/Ikoria_Lair_of_Behemoths/Alert_Heedbonder
-0.009999999776482001,0.0,UNDEFINED,0.0,Almighty_BrushwaggIkoria_Lair_of_BehemothsfalseNM-M,0,0.02,http://s.mtgprice.com/sets/Ikoria_Lair_of_Behemoths/img/Almighty Brushwagg.full.jpg,False,0.02,TCG Player,Almighty Brushwagg,-33.333335876464844,0.0,0,Ikoria_Lair_of_Behemoths,/spoiler_lists/Ikoria_Lair_of_Behemoths,/sets/Ikoria_Lair_of_Behemoths/Almighty_Brushwagg
0.0,0.0,UNDEFINED,0.0,AnticipateIkoria_Lair_of_BehemothsfalseNM-M,0,0.01,http://s.mtgprice.com/sets/Ikoria_Lair_of_Behemoths/img/Anticipate.full.jpg,False,0.01,TCG Player,Anticipate,0.0,0.0,0,Ikoria_Lair_of_Behemoths,/spoiler_lists/Ikoria_Lair_of_Behemoths,/sets/Ikoria_Lair_of_Behemoths/Anticipate
0.0,0.0,UNDEFINED,0.0,ArchipelagoreIkoria_Lair_of_BehemothsfalseNM-M,0,0.04,http://s.mtgprice.com/sets/Ikoria_Lair_of_Behemoths/img/Archipelagore.full.jpg,False,0.04,TCG Player,Archipelagore,0.0,0.0,0,Ikoria_Lair_of_Behemoths,/spoiler_lists/Ikoria_Lair_of_Behemoths,/sets/Ikoria_Lair_of_Behemoths/Archipelagore
0.049999997019767005,0.0,UNDEFINED,0.0,Archipelagore_ShowcaseIkoria_Lair_of_BehemothsfalseNM-M,0,0.2,http://s.mtgprice.com/sets/Ikoria_Lair_of_Behemoths/img/Archipelagore Showcase.full.jpg,False,0.2,TCG Player,Archipelagore (Showcase),33.33333206176758,0.0,0,Ikoria_Lair_of_Behemoths,/spoiler_lists/Ikoria_Lair_of_Behemoths,/sets/Ikoria_Lair_of_Behemoths/Archipelagore_(Showcase)
-0.019999999552965,0.0,ABUGames,0.07,Auspicious_StarrixIkoria_Lair_of_BehemothsfalseNM-M,0,0.06,http://s.mtgprice.com/sets/Ikoria_Lair_of_Behemoths/img/Auspicious Starrix.full.jpg,False,0.06,TCG Player,Auspicious Starrix,-25.0,0.0,0,Ikoria_Lair_of_Behemoths,/spoiler_lists/Ikoria_Lair_of_Behemoths,/sets/Ikoria_Lair_of_Behemoths/Auspicious_Starrix
-0.5499999523162841,0.049999982118606005,Card Kingdom,0.18,Auspicious_Starrix_ShowcaseIkoria_Lair_of_BehemothsfalseNM-M,0,0.48,http://s.mtgprice.com/sets/Ikoria_Lair_of_Behemoths/img/Auspicious Starrix Showcase.full.jpg,False,0.48,TCG Player,Auspicious Starrix (Showcase),-53.39805603027344,11.62790298461914,0,Ikoria_Lair_of_Behemoths,/spoiler_lists/Ikoria_Lair_of_Behemoths,/sets/Ikoria_Lair_of_Behemoths/Auspicious_Starrix_(Showcase)
0.0,0.0,UNDEFINED,0.0,Avian_OddityIkoria_Lair_of_BehemothsfalseNM-M,0,0.02,http://s.mtgprice.com/sets/Ikoria_Lair_of_Behemoths/img/Avian Oddity.full.jpg,False,0.02,TCG Player,Avian Oddity,0.0,0.0,0,Ikoria_Lair_of_Behemoths,/spoiler_lists/Ikoria_Lair_of_Behemoths,/sets/Ikoria_Lair_of_Behemoths/Avian_Oddity
-0.02000000141561,0.0,UNDEFINED,0.0,Back_for_MoreIkoria_Lair_of_BehemothsfalseNM-M,0,0.03,http://s.mtgprice.com/sets/Ikoria_Lair_of_Behemoths/img/Back for More.full.jpg,False,0.03,TCG Player,Back for More,-40.000003814697266,0.0,0,Ikoria_Lair_of_Behemoths,/spoiler_lists/Ikoria_Lair_of_Behemoths,/sets/Ikoria_Lair_of_Behemoths/Back_for_More
-0.019999995827674002,0.0,ABUGames,0.02,Barrier_BreachIkoria_Lair_of_BehemothsfalseNM-M,0,0.1,http://s.mtgprice.com/sets/Ikoria_Lair_of_Behemoths/img/Barrier Breach.full.jpg,False,0.1,TCG Player,Barrier Breach,-16.666664123535156,0.0,0,Ikoria_Lair_of_Behemoths,/spoiler_lists/Ikoria_Lair_of_Behemoths,/sets/Ikoria_Lair_of_Behemoths/Barrier_Breach
0.030000001192092004,0.19999998807907102,Card Kingdom,0.15,Bastion_of_RemembranceIkoria_Lair_of_BehemothsfalseNM-M,0,0.45,http://s.mtgprice.com/sets/Ikoria_Lair_of_Behemoths/img/Bastion of Remembrance.full.jpg,False,0.25,ABUGames,Bastion of Remembrance,7.142857551574707,79.99999237060547,0,Ikoria_Lair_of_Behemoths,/spoiler_lists/Ikoria_Lair_of_Behemoths,/sets/Ikoria_Lair_of_Behemoths/Bastion_of_Remembrance
0.0,0.0,UNDEFINED,0.0,Blade_BanishIkoria_Lair_of_BehemothsfalseNM-M,0,0.01,http://s.mtgprice.com/sets/Ikoria_Lair_of_Behemoths/img/Blade Banish.full.jpg,False,0.01,TCG Player,Blade Banish,0.0,0.0,0,Ikoria_Lair_of_Behemoths,/spoiler_lists/Ikoria_Lair_of_Behemoths,/sets/Ikoria_Lair_of_Behemoths/Blade_Banish
0.0,0.0,UNDEFINED,0.0,Blazing_VolleyIkoria_Lair_of_BehemothsfalseNM-M,0,0.02,http://s.mtgprice.com/sets/Ikoria_Lair_of_Behemoths/img/Blazing Volley.full.jpg,False,0.02,TCG Player,Blazing Volley,0.0,0.0,0,Ikoria_Lair_of_Behemoths,/spoiler_lists/Ikoria_Lair_of_Behemoths,/sets/Ikoria_Lair_of_Behemoths/Blazing_Volley
0.0,0.0,UNDEFINED,0.0,Blisterspit_GremlinIkoria_Lair_of_BehemothsfalseNM-M,0,0.01,http://s.mtgprice.com/sets/Ikoria_Lair_of_Behemoths/img/Blisterspit Gremlin.full.jpg,False,0.01,TCG Player,Blisterspit Gremlin,0.0,0.0,0,Ikoria_Lair_of_Behemoths,/spoiler_lists/Ikoria_Lair_of_Behemoths,/sets/Ikoria_Lair_of_Behemoths/Blisterspit_Gremlin
0.0,0.0,UNDEFINED,0.0,Blitz_LeechIkoria_Lair_of_BehemothsfalseNM-M,0,0.01,http://s.mtgprice.com/sets/Ikoria_Lair_of_Behemoths/img/Blitz Leech.full.jpg,False,0.01,TCG Player,Blitz Leech,0.0,0.0,0,Ikoria_Lair_of_Behemoths,/spoiler_lists/Ikoria_Lair_of_Behemoths,/sets/Ikoria_Lair_of_Behemoths/Blitz_Leech
-0.05999999865889501,0.0,UNDEFINED,0.0,Blitz_of_the_Thunder-RaptorIkoria_Lair_of_BehemothsfalseNM-M,0,0.02,http://s.mtgprice.com/sets/Ikoria_Lair_of_Behemoths/img/Blitz of the Thunder-Raptor.full.jpg,False,0.02,TCG Player,Blitz of the Thunder-Raptor,-75.0,0.0,0,Ikoria_Lair_of_Behemoths,/spoiler_lists/Ikoria_Lair_of_Behemoths,/sets/Ikoria_Lair_of_Behemoths/Blitz_of_the_Thunder-Raptor
-0.009999999776482001,0.0,UNDEFINED,0.0,Blood_CurdleIkoria_Lair_of_BehemothsfalseNM-M,0,0.01,http://s.mtgprice.com/sets/Ikoria_Lair_of_Behemoths/img/Blood Curdle.full.jpg,False,0.01,TCG Player,Blood Curdle,-50.0,0.0,0,Ikoria_Lair_of_Behemoths,/spoiler_lists/Ikoria_Lair_of_Behemoths,/sets/Ikoria_Lair_of_Behemoths/Blood_Curdle
-0.03999999910593,0.0,UNDEFINED,0.0,Bloodfell_CavesIkoria_Lair_of_BehemothsfalseNM-M,0,0.01,http://s.mtgprice.com/sets/Ikoria_Lair_of_Behemoths/img/Bloodfell Caves.full.jpg,False,0.01,TCG Player,Bloodfell Caves,-79.99999237060547,0.0,0,Ikoria_Lair_of_Behemoths,/spoiler_lists/Ikoria_Lair_of_Behemoths,/sets/Ikoria_Lair_of_Behemoths/Bloodfell_Caves
-0.010000001639127001,0.0,UNDEFINED,0.0,Blossoming_SandsIkoria_Lair_of_BehemothsfalseNM-M,0,0.04,http://s.mtgprice.com/sets/Ikoria_Lair_of_Behemoths/img/Blossoming Sands.full.jpg,False,0.04,TCG Player,Blossoming Sands,-20.000003814697266,0.0,0,Ikoria_Lair_of_Behemoths,/spoiler_lists/Ikoria_Lair_of_Behemoths,/sets/Ikoria_Lair_of_Behemoths/Blossoming_Sands
0.17999994754791201,0.17999994754791201,Miniature Market,0.65,Bonders'_EnclaveIkoria_Lair_of_BehemothsfalseNM-M,0,1.18,http://s.mtgprice.com/sets/Ikoria_Lair_of_Behemoths/img/Bonders' Enclave.full.jpg,False,0.49,StrikeZone,Bonders' Enclave,17.9999942779541,17.9999942779541,0,Ikoria_Lair_of_Behemoths,/spoiler_lists/Ikoria_Lair_of_Behemoths,/sets/Ikoria_Lair_of_Behemoths/Bonders'_Enclave
0.149999976158142,-0.009999990463256002,Card Kingdom,1.5,Bonders'_Enclave_Extended_ArtIkoria_Lair_of_BehemothsfalseNM-M,0,1.99,http://s.mtgprice.com/sets/Ikoria_Lair_of_Behemoths/img/Bonders' Enclave Extended Art.full.jpg,False,1.99,TCG Player,Bonders' Enclave (Extended Art),8.152173042297363,-0.499999523162841,0,Ikoria_Lair_of_Behemoths,/spoiler_lists/Ikoria_Lair_of_Behemoths,/sets/Ikoria_Lair_of_Behemoths/Bonders'_Enclave_(Extended_Art)
0.0,0.0,ABUGames,0.02,Boneyard_LurkerIkoria_Lair_of_BehemothsfalseNM-M,0,0.05,http://s.mtgprice.com/sets/Ikoria_Lair_of_Behemoths/img/Boneyard Lurker.full.jpg,False,0.05,TCG Player,Boneyard Lurker,0.0,0.0,0,Ikoria_Lair_of_Behemoths,/spoiler_lists/Ikoria_Lair_of_Behemoths,/sets/Ikoria_Lair_of_Behemoths/Boneyard_Lurker
0.0,0.0,Card Kingdom,0.05,Boneyard_Lurker_ShowcaseIkoria_Lair_of_BehemothsfalseNM-M,0,0.25,http://s.mtgprice.com/sets/Ikoria_Lair_of_Behemoths/img/Boneyard Lurker Showcase.full.jpg,False,0.25,Card Kingdom,Boneyard Lurker (Showcase),0.0,0.0,0,Ikoria_Lair_of_Behemoths,/spoiler_lists/Ikoria_Lair_of_Behemoths,/sets/Ikoria_Lair_of_Behemoths/Boneyard_Lurker_(Showcase)
-0.009999997913837001,0.0,UNDEFINED,0.0,Boon_of_the_Wish-GiverIkoria_Lair_of_BehemothsfalseNM-M,0,0.09,http://s.mtgprice.com/sets/Ikoria_Lair_of_Behemoths/img/Boon of the Wish-Giver.full.jpg,False,0.09,TCG Player,Boon of the Wish-Giver,-9.999998092651367,0.0,0,Ikoria_Lair_of_Behemoths,/spoiler_lists/Ikoria_Lair_of_Behemoths,/sets/Ikoria_Lair_of_Behemoths/Boon_of_the_Wish-Giver
-0.019999999552965,0.0,UNDEFINED,0.0,Boot_NipperIkoria_Lair_of_BehemothsfalseNM-M,0,0.01,http://s.mtgprice.com/sets/Ikoria_Lair_of_Behemoths/img/Boot Nipper.full.jpg,False,0.01,TCG Player,Boot Nipper,-66.66667175292969,0.0,0,Ikoria_Lair_of_Behemoths,/spoiler_lists/Ikoria_Lair_of_Behemoths,/sets/Ikoria_Lair_of_Behemoths/Boot_Nipper
0.0,0.0,UNDEFINED,0.0,Bristling_BoarIkoria_Lair_of_BehemothsfalseNM-M,0,0.01,http://s.mtgprice.com/sets/Ikoria_Lair_of_Behemoths/img/Bristling Boar.full.jpg,False,0.01,TCG Player,Bristling Boar,0.0,0.0,0,Ikoria_Lair_of_Behemoths,/spoiler_lists/Ikoria_Lair_of_Behemoths,/sets/Ikoria_Lair_of_Behemoths/Bristling_Boar
0.0,0.0,Miniature Market,1.7,"Brokkos,_Apex_of_ForeverIkoria_Lair_of_BehemothsfalseNM-M",0,1.99,"http://s.mtgprice.com/sets/Ikoria_Lair_of_Behemoths/img/Brokkos, Apex of Forever.full.jpg",False,1.99,TCG Player,"Brokkos, Apex of Forever",0.0,0.0,0,Ikoria_Lair_of_Behemoths,/spoiler_lists/Ikoria_Lair_of_Behemoths,"/sets/Ikoria_Lair_of_Behemoths/Brokkos,_Apex_of_Forever"
0.0,0.0,Card Kingdom,10.0,"Brokkos,_Apex_of_Forever_PromoIkoria_Lair_of_BehemothsfalseNM-M",0,21.99,"http://s.mtgprice.com/sets/Ikoria_Lair_of_Behemoths/img/Brokkos, Apex of Forever Promo.full.jpg",False,21.99,Card Kingdom,"Brokkos, Apex of Forever (Promo)",0.0,0.0,0,Ikoria_Lair_of_Behemoths,/spoiler_lists/Ikoria_Lair_of_Behemoths,"/sets/Ikoria_Lair_of_Behemoths/Brokkos,_Apex_of_Forever_(Promo)"
-0.019999980926513002,0.0,TCG Player,1.51,"Brokkos,_Apex_of_Forever_ShowcaseIkoria_Lair_of_BehemothsfalseNM-M",0,2.7199999999999998,"http://s.mtgprice.com/sets/Ikoria_Lair_of_Behemoths/img/Brokkos, Apex of Forever Showcase.full.jpg",False,2.72,TCG Player,"Brokkos, Apex of Forever (Showcase)",-0.7299262881278991,0.0,0,Ikoria_Lair_of_Behemoths,/spoiler_lists/Ikoria_Lair_of_Behemoths,"/sets/Ikoria_Lair_of_Behemoths/Brokkos,_Apex_of_Forever_(Showcase)"
0.0,0.0,UNDEFINED,0.0,Bushmeat_PoacherIkoria_Lair_of_BehemothsfalseNM-M,0,0.01,http://s.mtgprice.com/sets/Ikoria_Lair_of_Behemoths/img/Bushmeat Poacher.full.jpg,False,0.01,TCG Player,Bushmeat Poacher,0.0,0.0,0,Ikoria_Lair_of_Behemoths,/spoiler_lists/Ikoria_Lair_of_Behemoths,/sets/Ikoria_Lair_of_Behemoths/Bushmeat_Poacher
-0.5899999737739561,0.19000001251697501,Miniature Market,0.2,Call_of_the_Death-DwellerIkoria_Lair_of_BehemothsfalseNM-M,0,0.43,http://s.mtgprice.com/sets/Ikoria_Lair_of_Behemoths/img/Call of the Death-Dweller.full.jpg,False,0.25,Card Kingdom,Call of the Death-Dweller,-57.843135833740234,79.16667175292969,0,Ikoria_Lair_of_Behemoths,/spoiler_lists/Ikoria_Lair_of_Behemoths,/sets/Ikoria_Lair_of_Behemoths/Call_of_the_Death-Dweller
0.0,0.0,UNDEFINED,0.0,Capture_SphereIkoria_Lair_of_BehemothsfalseNM-M,0,0.01,http://s.mtgprice.com/sets/Ikoria_Lair_of_Behemoths/img/Capture Sphere.full.jpg,False,0.01,TCG Player,Capture Sphere,0.0,0.0,0,Ikoria_Lair_of_Behemoths,/spoiler_lists/Ikoria_Lair_of_Behemoths,/sets/Ikoria_Lair_of_Behemoths/Capture_Sphere
-0.030000001192092004,0.0,UNDEFINED,0.0,Cathartic_ReunionIkoria_Lair_of_BehemothsfalseNM-M,0,0.02,http://s.mtgprice.com/sets/Ikoria_Lair_of_Behemoths/img/Cathartic Reunion.full.jpg,False,0.02,TCG Player,Cathartic Reunion,-60.000003814697266,0.0,0,Ikoria_Lair_of_Behemoths,/spoiler_lists/Ikoria_Lair_of_Behemoths,/sets/Ikoria_Lair_of_Behemoths/Cathartic_Reunion
0.0,0.0,UNDEFINED,0.0,Cavern_WhispererIkoria_Lair_of_BehemothsfalseNM-M,0,0.02,http://s.mtgprice.com/sets/Ikoria_Lair_of_Behemoths/img/Cavern Whisperer.full.jpg,False,0.02,TCG Player,Cavern Whisperer,0.0,0.0,0,Ikoria_Lair_of_Behemoths,/spoiler_lists/Ikoria_Lair_of_Behemoths,/sets/Ikoria_Lair_of_Behemoths/Cavern_Whisperer
-0.049999997019767005,0.0,UNDEFINED,0.0,Cavern_Whisperer_ShowcaseIkoria_Lair_of_BehemothsfalseNM-M,0,0.03,http://s.mtgprice.com/sets/Ikoria_Lair_of_Behemoths/img/Cavern Whisperer Showcase.full.jpg,False,0.03,TCG Player,Cavern Whisperer (Showcase),-62.5,0.0,0,Ikoria_Lair_of_Behemoths,/spoiler_lists/Ikoria_Lair_of_Behemoths,/sets/Ikoria_Lair_of_Behemoths/Cavern_Whisperer_(Showcase)
0.0,0.0,UNDEFINED,0.0,Channeled_ForceIkoria_Lair_of_BehemothsfalseNM-M,0,0.01,http://s.mtgprice.com/sets/Ikoria_Lair_of_Behemoths/img/Channeled Force.full.jpg,False,0.01,TCG Player,Channeled Force,0.0,0.0,0,Ikoria_Lair_of_Behemoths,/spoiler_lists/Ikoria_Lair_of_Behemoths,/sets/Ikoria_Lair_of_Behemoths/Channeled_Force
0.0,0.0,UNDEFINED,0.0,Charge_of_the_Forever-BeastIkoria_Lair_of_BehemothsfalseNM-M,0,0.01,http://s.mtgprice.com/sets/Ikoria_Lair_of_Behemoths/img/Charge of the Forever-Beast.full.jpg,False,0.01,TCG Player,Charge of the Forever-Beast,0.0,0.0,0,Ikoria_Lair_of_Behemoths,/spoiler_lists/Ikoria_Lair_of_Behemoths,/sets/Ikoria_Lair_of_Behemoths/Charge_of_the_Forever-Beast
0.0,0.0,UNDEFINED,0.0,Checkpoint_OfficerIkoria_Lair_of_BehemothsfalseNM-M,0,0.01,http://s.mtgprice.com/sets/Ikoria_Lair_of_Behemoths/img/Checkpoint Officer.full.jpg,False,0.01,TCG Player,Checkpoint Officer,0.0,0.0,0,Ikoria_Lair_of_Behemoths,/spoiler_lists/Ikoria_Lair_of_Behemoths,/sets/Ikoria_Lair_of_Behemoths/Checkpoint_Officer
-0.11000001430511401,-0.11000001430511401,Miniature Market,1.3,"Chevill,_Bane_of_MonstersIkoria_Lair_of_BehemothsfalseNM-M",0,1.76,"http://s.mtgprice.com/sets/Ikoria_Lair_of_Behemoths/img/Chevill, Bane of Monsters.full.jpg",False,1.75,ChannelFireball,"Chevill, Bane of Monsters",-5.882353782653809,-5.882353782653809,0,Ikoria_Lair_of_Behemoths,/spoiler_lists/Ikoria_Lair_of_Behemoths,"/sets/Ikoria_Lair_of_Behemoths/Chevill,_Bane_of_Monsters"
-0.160000085830688,0.0,Card Kingdom,2.25,"Chevill,_Bane_of_Monsters_Extended_ArtIkoria_Lair_of_BehemothsfalseNM-M",0,3.95,"http://s.mtgprice.com/sets/Ikoria_Lair_of_Behemoths/img/Chevill, Bane of Monsters Extended Art.full.jpg",False,3.95,TCG Player,"Chevill, Bane of Monsters (Extended Art)",-3.892945766448974,0.0,0,Ikoria_Lair_of_Behemoths,/spoiler_lists/Ikoria_Lair_of_Behemoths,"/sets/Ikoria_Lair_of_Behemoths/Chevill,_Bane_of_Monsters_(Extended_Art)"
0.0,0.0,ABUGames,0.02,Chittering_HarvesterIkoria_Lair_of_BehemothsfalseNM-M,0,0.05,http://s.mtgprice.com/sets/Ikoria_Lair_of_Behemoths/img/Chittering Harvester.full.jpg,False,0.05,TCG Player,Chittering Harvester,0.0,0.0,0,Ikoria_Lair_of_Behemoths,/spoiler_lists/Ikoria_Lair_of_Behemoths,/sets/Ikoria_Lair_of_Behemoths/Chittering_Harvester
-0.06000000238418501,0.0,Card Kingdom,0.05,Chittering_Harvester_ShowcaseIkoria_Lair_of_BehemothsfalseNM-M,0,0.14,http://s.mtgprice.com/sets/Ikoria_Lair_of_Behemoths/img/Chittering Harvester Showcase.full.jpg,False,0.14,TCG Player,Chittering Harvester (Showcase),-30.000001907348633,0.0,0,Ikoria_Lair_of_Behemoths,/spoiler_lists/Ikoria_Lair_of_Behemoths,/sets/Ikoria_Lair_of_Behemoths/Chittering_Harvester_(Showcase)
0.0,0.0,UNDEFINED,0.0,Clash_of_TitansIkoria_Lair_of_BehemothsfalseNM-M,0,0.01,http://s.mtgprice.com/sets/Ikoria_Lair_of_Behemoths/img/Clash of Titans.full.jpg,False,0.01,TCG Player,Clash of Titans,0.0,0.0,0,Ikoria_Lair_of_Behemoths,/spoiler_lists/Ikoria_Lair_of_Behemoths,/sets/Ikoria_Lair_of_Behemoths/Clash_of_Titans
0.0,0.0,UNDEFINED,0.0,CloudpiercerIkoria_Lair_of_BehemothsfalseNM-M,0,0.01,http://s.mtgprice.com/sets/Ikoria_Lair_of_Behemoths/img/Cloudpiercer.full.jpg,False,0.01,TCG Player,Cloudpiercer,0.0,0.0,0,Ikoria_Lair_of_Behemoths,/spoiler_lists/Ikoria_Lair_of_Behemoths,/sets/Ikoria_Lair_of_Behemoths/Cloudpiercer
-0.019999999552965,0.0,UNDEFINED,0.0,Cloudpiercer_ShowcaseIkoria_Lair_of_BehemothsfalseNM-M,0,0.02,http://s.mtgprice.com/sets/Ikoria_Lair_of_Behemoths/img/Cloudpiercer Showcase.full.jpg,False,0.02,TCG Player,Cloudpiercer (Showcase),-50.0,0.0,0,Ikoria_Lair_of_Behemoths,/spoiler_lists/Ikoria_Lair_of_Behemoths,/sets/Ikoria_Lair_of_Behemoths/Cloudpiercer_(Showcase)
0.0,0.0,StrikeZone,0.25,ColossificationIkoria_Lair_of_BehemothsfalseNM-M,0,0.29,http://s.mtgprice.com/sets/Ikoria_Lair_of_Behemoths/img/Colossification.full.jpg,False,0.29,TCG Player,Colossification,0.0,0.0,0,Ikoria_Lair_of_Behemoths,/spoiler_lists/Ikoria_Lair_of_Behemoths,/sets/Ikoria_Lair_of_Behemoths/Colossification
-0.720000028610229,-0.7599999904632561,Card Kingdom,0.26,Colossification_Extended_ArtIkoria_Lair_of_BehemothsfalseNM-M,0,0.72,http://s.mtgprice.com/sets/Ikoria_Lair_of_Behemoths/img/Colossification Extended Art.full.jpg,False,0.72,TCG Player,Colossification (Extended Art),-50.0,-51.351348876953125,0,Ikoria_Lair_of_Behemoths,/spoiler_lists/Ikoria_Lair_of_Behemoths,/sets/Ikoria_Lair_of_Behemoths/Colossification_(Extended_Art)
0.0,0.0,UNDEFINED,0.0,Colossification_PromoIkoria_Lair_of_BehemothsfalseNM-M,0,0.0,http://s.mtgprice.com/sets/Ikoria_Lair_of_Behemoths/img/Colossification Promo.full.jpg,False,999999.0,Unknown,Colossification (Promo),,,0,Ikoria_Lair_of_Behemoths,/spoiler_lists/Ikoria_Lair_of_Behemoths,/sets/Ikoria_Lair_of_Behemoths/Colossification_(Promo)
0.0,0.0,UNDEFINED,0.0,ConvoluteIkoria_Lair_of_BehemothsfalseNM-M,0,0.01,http://s.mtgprice.com/sets/Ikoria_Lair_of_Behemoths/img/Convolute.full.jpg,False,0.01,TCG Player,Convolute,0.0,0.0,0,Ikoria_Lair_of_Behemoths,/spoiler_lists/Ikoria_Lair_of_Behemoths,/sets/Ikoria_Lair_of_Behemoths/Convolute
0.0,0.0,UNDEFINED,0.0,Coordinated_ChargeIkoria_Lair_of_BehemothsfalseNM-M,0,0.01,http://s.mtgprice.com/sets/Ikoria_Lair_of_Behemoths/img/Coordinated Charge.full.jpg,False,0.01,TCG Player,Coordinated Charge,0.0,0.0,0,Ikoria_Lair_of_Behemoths,/spoiler_lists/Ikoria_Lair_of_Behemoths,/sets/Ikoria_Lair_of_Behemoths/Coordinated_Charge
0.0,0.0,UNDEFINED,0.0,Corpse_ChurnIkoria_Lair_of_BehemothsfalseNM-M,0,0.01,http://s.mtgprice.com/sets/Ikoria_Lair_of_Behemoths/img/Corpse Churn.full.jpg,False,0.01,TCG Player,Corpse Churn,0.0,0.0,0,Ikoria_Lair_of_Behemoths,/spoiler_lists/Ikoria_Lair_of_Behemoths,/sets/Ikoria_Lair_of_Behemoths/Corpse_Churn
0.0,0.0,UNDEFINED,0.0,CrystaceanIkoria_Lair_of_BehemothsfalseNM-M,0,0.01,http://s.mtgprice.com/sets/Ikoria_Lair_of_Behemoths/img/Crystacean.full.jpg,False,0.01,TCG Player,Crystacean,0.0,0.0,0,Ikoria_Lair_of_Behemoths,/spoiler_lists/Ikoria_Lair_of_Behemoths,/sets/Ikoria_Lair_of_Behemoths/Crystacean
0.06000000238418501,-0.079999983310699,Card Kingdom,0.2,Crystalline_GiantIkoria_Lair_of_BehemothsfalseNM-M,0,0.34,http://s.mtgprice.com/sets/Ikoria_Lair_of_Behemoths/img/Crystalline Giant.full.jpg,False,0.34,TCG Player,Crystalline Giant,21.428571701049805,-19.04761505126953,0,Ikoria_Lair_of_Behemoths,/spoiler_lists/Ikoria_Lair_of_Behemoths,/sets/Ikoria_Lair_of_Behemoths/Crystalline_Giant
-0.38999998569488503,0.0,TCG Player,0.28,Crystalline_Giant_Extended_ArtIkoria_Lair_of_BehemothsfalseNM-M,0,0.89,http://s.mtgprice.com/sets/Ikoria_Lair_of_Behemoths/img/Crystalline Giant Extended Art.full.jpg,False,0.89,TCG Player,Crystalline Giant (Extended Art),-30.46875,0.0,0,Ikoria_Lair_of_Behemoths,/spoiler_lists/Ikoria_Lair_of_Behemoths,/sets/Ikoria_Lair_of_Behemoths/Crystalline_Giant_(Extended_Art)
-1.5,0.0,Card Kingdom,1.4,Crystalline_Giant_PromoIkoria_Lair_of_BehemothsfalseNM-M,0,6.49,http://s.mtgprice.com/sets/Ikoria_Lair_of_Behemoths/img/Crystalline Giant Promo.full.jpg,False,6.49,Card Kingdom,Crystalline Giant (Promo),-18.773468017578125,0.0,0,Ikoria_Lair_of_Behemoths,/spoiler_lists/Ikoria_Lair_of_Behemoths,/sets/Ikoria_Lair_of_Behemoths/Crystalline_Giant_(Promo)
-0.050000011920928004,0.049999997019767005,Card Kingdom,0.2,CubwardenIkoria_Lair_of_BehemothsfalseNM-M,0,0.25,http://s.mtgprice.com/sets/Ikoria_Lair_of_Behemoths/img/Cubwarden.full.jpg,False,0.25,TCG Player,Cubwarden,-16.666669845581055,24.999998092651367,0,Ikoria_Lair_of_Behemoths,/spoiler_lists/Ikoria_Lair_of_Behemoths,/sets/Ikoria_Lair_of_Behemoths/Cubwarden
-0.02999997138977,0.0,Card Kingdom,0.25,Cubwarden_ShowcaseIkoria_Lair_of_BehemothsfalseNM-M,0,0.75,http://s.mtgprice.com/sets/Ikoria_Lair_of_Behemoths/img/Cubwarden Showcase.full.jpg,False,0.75,TCG Player,Cubwarden (Showcase),-3.846150159835815,0.0,0,Ikoria_Lair_of_Behemoths,/spoiler_lists/Ikoria_Lair_of_Behemoths,/sets/Ikoria_Lair_of_Behemoths/Cubwarden_(Showcase)
0.0,0.0,UNDEFINED,0.0,Cunning_NightbonderIkoria_Lair_of_BehemothsfalseNM-M,0,0.1,http://s.mtgprice.com/sets/Ikoria_Lair_of_Behemoths/img/Cunning Nightbonder.full.jpg,False,0.1,TCG Player,Cunning Nightbonder,0.0,0.0,0,Ikoria_Lair_of_Behemoths,/spoiler_lists/Ikoria_Lair_of_Behemoths,/sets/Ikoria_Lair_of_Behemoths/Cunning_Nightbonder
0.0,0.0,UNDEFINED,0.0,Dark_BargainIkoria_Lair_of_BehemothsfalseNM-M,0,0.01,http://s.mtgprice.com/sets/Ikoria_Lair_of_Behemoths/img/Dark Bargain.full.jpg,False,0.01,TCG Player,Dark Bargain,0.0,0.0,0,Ikoria_Lair_of_Behemoths,/spoiler_lists/Ikoria_Lair_of_Behemoths,/sets/Ikoria_Lair_of_Behemoths/Dark_Bargain
0.0,0.0,UNDEFINED,0.0,Daysquad_MarshalIkoria_Lair_of_BehemothsfalseNM-M,0,0.01,http://s.mtgprice.com/sets/Ikoria_Lair_of_Behemoths/img/Daysquad Marshal.full.jpg,False,0.01,TCG Player,Daysquad Marshal,0.0,0.0,0,Ikoria_Lair_of_Behemoths,/spoiler_lists/Ikoria_Lair_of_Behemoths,/sets/Ikoria_Lair_of_Behemoths/Daysquad_Marshal
0.009999999776482001,0.0,UNDEFINED,0.0,Dead_WeightIkoria_Lair_of_BehemothsfalseNM-M,0,0.02,http://s.mtgprice.com/sets/Ikoria_Lair_of_Behemoths/img/Dead Weight.full.jpg,False,0.02,TCG Player,Dead Weight,100.0,0.0,0,Ikoria_Lair_of_Behemoths,/spoiler_lists/Ikoria_Lair_of_Behemoths,/sets/Ikoria_Lair_of_Behemoths/Dead_Weight
0.04000000655651,0.030000001192092004,ABUGames,0.03,Death's_OasisIkoria_Lair_of_BehemothsfalseNM-M,0,0.18,http://s.mtgprice.com/sets/Ikoria_Lair_of_Behemoths/img/Death's Oasis.full.jpg,False,0.18,TCG Player,Death's Oasis,28.57143211364746,20.0,0,Ikoria_Lair_of_Behemoths,/spoiler_lists/Ikoria_Lair_of_Behemoths,/sets/Ikoria_Lair_of_Behemoths/Death's_Oasis
0.009999990463256002,0.009999990463256002,TCG Player,0.01,Death's_Oasis_Extended_ArtIkoria_Lair_of_BehemothsfalseNM-M,0,1.13,http://s.mtgprice.com/sets/Ikoria_Lair_of_Behemoths/img/Death's Oasis Extended Art.full.jpg,False,0.35,Card Kingdom,Death's Oasis (Extended Art),0.8928562402725221,0.8928562402725221,0,Ikoria_Lair_of_Behemoths,/spoiler_lists/Ikoria_Lair_of_Behemoths,/sets/Ikoria_Lair_of_Behemoths/Death's_Oasis_(Extended_Art)
-0.12000000476837101,0.0,StrikeZone,0.1,Dire_TacticsIkoria_Lair_of_BehemothsfalseNM-M,0,0.11,http://s.mtgprice.com/sets/Ikoria_Lair_of_Behemoths/img/Dire Tactics.full.jpg,False,0.11,TCG Player,Dire Tactics,-52.173912048339844,0.0,0,Ikoria_Lair_of_Behemoths,/spoiler_lists/Ikoria_Lair_of_Behemoths,/sets/Ikoria_Lair_of_Behemoths/Dire_Tactics
0.050000011920928004,0.0,Miniature Market,0.3,Dirge_BatIkoria_Lair_of_BehemothsfalseNM-M,0,0.55,http://s.mtgprice.com/sets/Ikoria_Lair_of_Behemoths/img/Dirge Bat.full.jpg,False,0.49,ChannelFireball,Dirge Bat,10.000001907348633,0.0,0,Ikoria_Lair_of_Behemoths,/spoiler_lists/Ikoria_Lair_of_Behemoths,/sets/Ikoria_Lair_of_Behemoths/Dirge_Bat
-1.0,0.0,Card Kingdom,1.2,Dirge_Bat_PromoIkoria_Lair_of_BehemothsfalseNM-M,0,5.99,http://s.mtgprice.com/sets/Ikoria_Lair_of_Behemoths/img/Dirge Bat Promo.full.jpg,False,5.99,Card Kingdom,Dirge Bat (Promo),-14.30615234375,0.0,0,Ikoria_Lair_of_Behemoths,/spoiler_lists/Ikoria_Lair_of_Behemoths,/sets/Ikoria_Lair_of_Behemoths/Dirge_Bat_(Promo)
0.25,0.09999996423721301,TCG Player,0.18,Dirge_Bat_ShowcaseIkoria_Lair_of_BehemothsfalseNM-M,0,0.9,http://s.mtgprice.com/sets/Ikoria_Lair_of_Behemoths/img/Dirge Bat Showcase.full.jpg,False,0.69,Card Kingdom,Dirge Bat (Showcase),38.46154022216797,12.499995231628418,0,Ikoria_Lair_of_Behemoths,/spoiler_lists/Ikoria_Lair_of_Behemoths,/sets/Ikoria_Lair_of_Behemoths/Dirge_Bat_(Showcase)
-0.010000001639127001,0.0,Miniature Market,0.05,Dismal_BackwaterIkoria_Lair_of_BehemothsfalseNM-M,0,0.04,http://s.mtgprice.com/sets/Ikoria_Lair_of_Behemoths/img/Dismal Backwater.full.jpg,False,0.04,TCG Player,Dismal Backwater,-20.000003814697266,0.0,0,Ikoria_Lair_of_Behemoths,/spoiler_lists/Ikoria_Lair_of_Behemoths,/sets/Ikoria_Lair_of_Behemoths/Dismal_Backwater
0.0,0.0,UNDEFINED,0.0,Divine_ArrowIkoria_Lair_of_BehemothsfalseNM-M,0,0.01,http://s.mtgprice.com/sets/Ikoria_Lair_of_Behemoths/img/Divine Arrow.full.jpg,False,0.01,TCG Player,Divine Arrow,0.0,0.0,0,Ikoria_Lair_of_Behemoths,/spoiler_lists/Ikoria_Lair_of_Behemoths,/sets/Ikoria_Lair_of_Behemoths/Divine_Arrow
-0.010000001639127001,0.0,UNDEFINED,0.0,Drannith_HealerIkoria_Lair_of_BehemothsfalseNM-M,0,0.04,http://s.mtgprice.com/sets/Ikoria_Lair_of_Behemoths/img/Drannith Healer.full.jpg,False,0.04,TCG Player,Drannith Healer,-20.000003814697266,0.0,0,Ikoria_Lair_of_Behemoths,/spoiler_lists/Ikoria_Lair_of_Behemoths,/sets/Ikoria_Lair_of_Behemoths/Drannith_Healer
0.18999993801116902,-0.25,Card Kingdom,0.9,Drannith_MagistrateIkoria_Lair_of_BehemothsfalseNM-M,0,1.63,http://s.mtgprice.com/sets/Ikoria_Lair_of_Behemoths/img/Drannith Magistrate.full.jpg,False,1.35,ChannelFireball,Drannith Magistrate,13.194439888000488,-13.297872543334961,0,Ikoria_Lair_of_Behemoths,/spoiler_lists/Ikoria_Lair_of_Behemoths,/sets/Ikoria_Lair_of_Behemoths/Drannith_Magistrate
-0.170000076293945,0.0,Card Kingdom,2.05,Drannith_Magistrate_Extended_ArtIkoria_Lair_of_BehemothsfalseNM-M,0,3.87,http://s.mtgprice.com/sets/Ikoria_Lair_of_Behemoths/img/Drannith Magistrate Extended Art.full.jpg,False,3.87,TCG Player,Drannith Magistrate (Extended Art),-4.20792293548584,0.0,0,Ikoria_Lair_of_Behemoths,/spoiler_lists/Ikoria_Lair_of_Behemoths,/sets/Ikoria_Lair_of_Behemoths/Drannith_Magistrate_(Extended_Art)
0.0,0.0,UNDEFINED,0.0,Drannith_StingerIkoria_Lair_of_BehemothsfalseNM-M,0,0.05,http://s.mtgprice.com/sets/Ikoria_Lair_of_Behemoths/img/Drannith Stinger.full.jpg,False,0.05,TCG Player,Drannith Stinger,0.0,0.0,0,Ikoria_Lair_of_Behemoths,/spoiler_lists/Ikoria_Lair_of_Behemoths,/sets/Ikoria_Lair_of_Behemoths/Drannith_Stinger
-0.019999999552965,0.0,UNDEFINED,0.0,Dreamtail_HeronIkoria_Lair_of_BehemothsfalseNM-M,0,0.01,http://s.mtgprice.com/sets/Ikoria_Lair_of_Behemoths/img/Dreamtail Heron.full.jpg,False,0.01,TCG Player,Dreamtail Heron,-66.66667175292969,0.0,0,Ikoria_Lair_of_Behemoths,/spoiler_lists/Ikoria_Lair_of_Behemoths,/sets/Ikoria_Lair_of_Behemoths/Dreamtail_Heron
0.0,0.0,UNDEFINED,0.0,Dreamtail_Heron_ShowcaseIkoria_Lair_of_BehemothsfalseNM-M,0,0.08,http://s.mtgprice.com/sets/Ikoria_Lair_of_Behemoths/img/Dreamtail Heron Showcase.full.jpg,False,0.08,TCG Player,Dreamtail Heron (Showcase),0.0,0.0,0,Ikoria_Lair_of_Behemoths,/spoiler_lists/Ikoria_Lair_of_Behemoths,/sets/Ikoria_Lair_of_Behemoths/Dreamtail_Heron_(Showcase)
0.009999999776482001,0.0,UNDEFINED,0.0,Durable_CoilbugIkoria_Lair_of_BehemothsfalseNM-M,0,0.02,http://s.mtgprice.com/sets/Ikoria_Lair_of_Behemoths/img/Durable Coilbug.full.jpg,False,0.02,TCG Player,Durable Coilbug,100.0,0.0,0,Ikoria_Lair_of_Behemoths,/spoiler_lists/Ikoria_Lair_of_Behemoths,/sets/Ikoria_Lair_of_Behemoths/Durable_Coilbug
-0.009999999776482001,0.0,UNDEFINED,0.0,Duskfang_MentorIkoria_Lair_of_BehemothsfalseNM-M,0,0.03,http://s.mtgprice.com/sets/Ikoria_Lair_of_Behemoths/img/Duskfang Mentor.full.jpg,False,0.03,TCG Player,Duskfang Mentor,-25.0,0.0,0,Ikoria_Lair_of_Behemoths,/spoiler_lists/Ikoria_Lair_of_Behemoths,/sets/Ikoria_Lair_of_Behemoths/Duskfang_Mentor
0.009999999776482001,0.0,UNDEFINED,0.0,Easy_PreyIkoria_Lair_of_BehemothsfalseNM-M,0,0.02,http://s.mtgprice.com/sets/Ikoria_Lair_of_Behemoths/img/Easy Prey.full.jpg,False,0.02,TCG Player,Easy Prey,100.0,0.0,0,Ikoria_Lair_of_Behemoths,/spoiler_lists/Ikoria_Lair_of_Behemoths,/sets/Ikoria_Lair_of_Behemoths/Easy_Prey
-0.040000081062316006,-0.020000100135803,Miniature Market,1.1,Eerie_UltimatumIkoria_Lair_of_BehemothsfalseNM-M,0,1.6800000000000002,http://s.mtgprice.com/sets/Ikoria_Lair_of_Behemoths/img/Eerie Ultimatum.full.jpg,False,1.25,ChannelFireball,Eerie Ultimatum,-2.325586080551147,-1.17647647857666,0,Ikoria_Lair_of_Behemoths,/spoiler_lists/Ikoria_Lair_of_Behemoths,/sets/Ikoria_Lair_of_Behemoths/Eerie_Ultimatum
-0.010000228881835,-0.010000228881835,Card Kingdom,1.75,Eerie_Ultimatum_Extended_ArtIkoria_Lair_of_BehemothsfalseNM-M,0,4.18,http://s.mtgprice.com/sets/Ikoria_Lair_of_Behemoths/img/Eerie Ultimatum Extended Art.full.jpg,False,4.18,TCG Player,Eerie Ultimatum (Extended Art),-0.23866894841194103,-0.23866894841194103,0,Ikoria_Lair_of_Behemoths,/spoiler_lists/Ikoria_Lair_of_Behemoths,/sets/Ikoria_Lair_of_Behemoths/Eerie_Ultimatum_(Extended_Art)
-0.010000005364418,0.0,Card Kingdom,0.1,Emergent_UltimatumIkoria_Lair_of_BehemothsfalseNM-M,0,0.24,http://s.mtgprice.com/sets/Ikoria_Lair_of_Behemoths/img/Emergent Ultimatum.full.jpg,False,0.24,ABUGames,Emergent Ultimatum,-4.000001907348633,0.0,0,Ikoria_Lair_of_Behemoths,/spoiler_lists/Ikoria_Lair_of_Behemoths,/sets/Ikoria_Lair_of_Behemoths/Emergent_Ultimatum
-0.019999980926513002,0.0,TCG Player,0.39,Emergent_Ultimatum_Extended_ArtIkoria_Lair_of_BehemothsfalseNM-M,0,1.22,http://s.mtgprice.com/sets/Ikoria_Lair_of_Behemoths/img/Emergent Ultimatum Extended Art.full.jpg,False,1.22,TCG Player,Emergent Ultimatum (Extended Art),-1.61290168762207,0.0,0,Ikoria_Lair_of_Behemoths,/spoiler_lists/Ikoria_Lair_of_Behemoths,/sets/Ikoria_Lair_of_Behemoths/Emergent_Ultimatum_(Extended_Art)
-0.010000001639127001,0.0,UNDEFINED,0.0,Escape_ProtocolIkoria_Lair_of_BehemothsfalseNM-M,0,0.04,http://s.mtgprice.com/sets/Ikoria_Lair_of_Behemoths/img/Escape Protocol.full.jpg,False,0.04,TCG Player,Escape Protocol,-20.000003814697266,0.0,0,Ikoria_Lair_of_Behemoths,/spoiler_lists/Ikoria_Lair_of_Behemoths,/sets/Ikoria_Lair_of_Behemoths/Escape_Protocol
0.0,0.0,UNDEFINED,0.0,Essence_ScatterIkoria_Lair_of_BehemothsfalseNM-M,0,0.02,http://s.mtgprice.com/sets/Ikoria_Lair_of_Behemoths/img/Essence Scatter.full.jpg,False,0.02,TCG Player,Essence Scatter,0.0,0.0,0,Ikoria_Lair_of_Behemoths,/spoiler_lists/Ikoria_Lair_of_Behemoths,/sets/Ikoria_Lair_of_Behemoths/Essence_Scatter
0.0,0.0,UNDEFINED,0.0,Essence_SymbioteIkoria_Lair_of_BehemothsfalseNM-M,0,0.05,http://s.mtgprice.com/sets/Ikoria_Lair_of_Behemoths/img/Essence Symbiote.full.jpg,False,0.05,TCG Player,Essence Symbiote,0.0,0.0,0,Ikoria_Lair_of_Behemoths,/spoiler_lists/Ikoria_Lair_of_Behemoths,/sets/Ikoria_Lair_of_Behemoths/Essence_Symbiote
0.04000000655651,0.0,ABUGames,0.03,Everquill_PhoenixIkoria_Lair_of_BehemothsfalseNM-M,0,0.2,http://s.mtgprice.com/sets/Ikoria_Lair_of_Behemoths/img/Everquill Phoenix.full.jpg,False,0.2,TCG Player,Everquill Phoenix,25.0000057220459,0.0,0,Ikoria_Lair_of_Behemoths,/spoiler_lists/Ikoria_Lair_of_Behemoths,/sets/Ikoria_Lair_of_Behemoths/Everquill_Phoenix
0.0,0.0,Card Kingdom,1.05,Everquill_Phoenix_PromoIkoria_Lair_of_BehemothsfalseNM-M,0,2.29,http://s.mtgprice.com/sets/Ikoria_Lair_of_Behemoths/img/Everquill Phoenix Promo.full.jpg,False,2.29,Card Kingdom,Everquill Phoenix (Promo),0.0,0.0,0,Ikoria_Lair_of_Behemoths,/spoiler_lists/Ikoria_Lair_of_Behemoths,/sets/Ikoria_Lair_of_Behemoths/Everquill_Phoenix_(Promo)
0.030000001192092004,0.030000001192092004,Card Kingdom,0.1,Everquill_Phoenix_ShowcaseIkoria_Lair_of_BehemothsfalseNM-M,0,0.23,http://s.mtgprice.com/sets/Ikoria_Lair_of_Behemoths/img/Everquill Phoenix Showcase.full.jpg,False,0.23,TCG Player,Everquill Phoenix (Showcase),15.000000953674316,15.000000953674316,0,Ikoria_Lair_of_Behemoths,/spoiler_lists/Ikoria_Lair_of_Behemoths,/sets/Ikoria_Lair_of_Behemoths/Everquill_Phoenix_(Showcase)
0.0,0.0,Card Kingdom,0.05,Evolving_WildsIkoria_Lair_of_BehemothsfalseNM-M,0,0.05,http://s.mtgprice.com/sets/Ikoria_Lair_of_Behemoths/img/Evolving Wilds.full.jpg,False,0.05,TCG Player,Evolving Wilds,0.0,0.0,0,Ikoria_Lair_of_Behemoths,/spoiler_lists/Ikoria_Lair_of_Behemoths,/sets/Ikoria_Lair_of_Behemoths/Evolving_Wilds
0.009999999776482001,0.0,UNDEFINED,0.0,Excavation_MoleIkoria_Lair_of_BehemothsfalseNM-M,0,0.02,http://s.mtgprice.com/sets/Ikoria_Lair_of_Behemoths/img/Excavation Mole.full.jpg,False,0.02,TCG Player,Excavation Mole,100.0,0.0,0,Ikoria_Lair_of_Behemoths,/spoiler_lists/Ikoria_Lair_of_Behemoths,/sets/Ikoria_Lair_of_Behemoths/Excavation_Mole
0.020000010728836,-0.020000010728836,Card Kingdom,0.2,Extinction_EventIkoria_Lair_of_BehemothsfalseNM-M,0,0.47000000000000003,http://s.mtgprice.com/sets/Ikoria_Lair_of_Behemoths/img/Extinction Event.full.jpg,False,0.33,StrikeZone,Extinction Event,4.444446563720703,-4.081634998321533,0,Ikoria_Lair_of_Behemoths,/spoiler_lists/Ikoria_Lair_of_Behemoths,/sets/Ikoria_Lair_of_Behemoths/Extinction_Event
0.43999993801116905,0.0,Card Kingdom,0.3,Extinction_Event_Extended_ArtIkoria_Lair_of_BehemothsfalseNM-M,0,1.63,http://s.mtgprice.com/sets/Ikoria_Lair_of_Behemoths/img/Extinction Event Extended Art.full.jpg,False,1.63,TCG Player,Extinction Event (Extended Art),36.97478103637695,0.0,0,Ikoria_Lair_of_Behemoths,/spoiler_lists/Ikoria_Lair_of_Behemoths,/sets/Ikoria_Lair_of_Behemoths/Extinction_Event_(Extended_Art)
0.009999999776482001,0.0,UNDEFINED,0.0,Exuberant_WolfbearIkoria_Lair_of_BehemothsfalseNM-M,0,0.02,http://s.mtgprice.com/sets/Ikoria_Lair_of_Behemoths/img/Exuberant Wolfbear.full.jpg,False,0.02,TCG Player,Exuberant Wolfbear,100.0,0.0,0,Ikoria_Lair_of_Behemoths,/spoiler_lists/Ikoria_Lair_of_Behemoths,/sets/Ikoria_Lair_of_Behemoths/Exuberant_Wolfbear
0.009999999776482001,0.0,UNDEFINED,0.0,Facet_ReaderIkoria_Lair_of_BehemothsfalseNM-M,0,0.02,http://s.mtgprice.com/sets/Ikoria_Lair_of_Behemoths/img/Facet Reader.full.jpg,False,0.02,TCG Player,Facet Reader,100.0,0.0,0,Ikoria_Lair_of_Behemoths,/spoiler_lists/Ikoria_Lair_of_Behemoths,/sets/Ikoria_Lair_of_Behemoths/Facet_Reader
0.009999999776482001,0.0,UNDEFINED,0.0,FarfinderIkoria_Lair_of_BehemothsfalseNM-M,0,0.02,http://s.mtgprice.com/sets/Ikoria_Lair_of_Behemoths/img/Farfinder.full.jpg,False,0.02,TCG Player,Farfinder,100.0,0.0,0,Ikoria_Lair_of_Behemoths,/spoiler_lists/Ikoria_Lair_of_Behemoths,/sets/Ikoria_Lair_of_Behemoths/Farfinder
0.009999999776482001,0.0,UNDEFINED,0.0,Ferocious_TigorillaIkoria_Lair_of_BehemothsfalseNM-M,0,0.02,http://s.mtgprice.com/sets/Ikoria_Lair_of_Behemoths/img/Ferocious Tigorilla.full.jpg,False,0.02,TCG Player,Ferocious Tigorilla,100.0,0.0,0,Ikoria_Lair_of_Behemoths,/spoiler_lists/Ikoria_Lair_of_Behemoths,/sets/Ikoria_Lair_of_Behemoths/Ferocious_Tigorilla
-0.02000000141561,0.0,UNDEFINED,0.0,FertilidIkoria_Lair_of_BehemothsfalseNM-M,0,0.03,http://s.mtgprice.com/sets/Ikoria_Lair_of_Behemoths/img/Fertilid.full.jpg,False,0.03,TCG Player,Fertilid,-40.000003814697266,0.0,0,Ikoria_Lair_of_Behemoths,/spoiler_lists/Ikoria_Lair_of_Behemoths,/sets/Ikoria_Lair_of_Behemoths/Fertilid
0.440000534057617,0.150000572204589,Miniature Market,8.5,Fiend_ArtisanIkoria_Lair_of_BehemothsfalseNM-M,0,10.38,http://s.mtgprice.com/sets/Ikoria_Lair_of_Behemoths/img/Fiend Artisan.full.jpg,False,10.38,TCG Player,Fiend Artisan,4.426565170288086,1.466281294822692,0,Ikoria_Lair_of_Behemoths,/spoiler_lists/Ikoria_Lair_of_Behemoths,/sets/Ikoria_Lair_of_Behemoths/Fiend_Artisan
-0.269999504089355,-0.009999275207519,TCG Player,10.0,Fiend_Artisan_Extended_ArtIkoria_Lair_of_BehemothsfalseNM-M,0,15.47,http://s.mtgprice.com/sets/Ikoria_Lair_of_Behemoths/img/Fiend Artisan Extended Art.full.jpg,False,15.47,TCG Player,Fiend Artisan (Extended Art),-1.71537172794342,-0.064594805240631,0,Ikoria_Lair_of_Behemoths,/spoiler_lists/Ikoria_Lair_of_Behemoths,/sets/Ikoria_Lair_of_Behemoths/Fiend_Artisan_(Extended_Art)
0.050000004470348004,0.0,UNDEFINED,0.0,Fight_as_OneIkoria_Lair_of_BehemothsfalseNM-M,0,0.15,http://s.mtgprice.com/sets/Ikoria_Lair_of_Behemoths/img/Fight as One.full.jpg,False,0.15,TCG Player,Fight as One,50.00000762939453,0.0,0,Ikoria_Lair_of_Behemoths,/spoiler_lists/Ikoria_Lair_of_Behemoths,/sets/Ikoria_Lair_of_Behemoths/Fight_as_One
0.0,0.0,Card Kingdom,0.05,Fire_ProphecyIkoria_Lair_of_BehemothsfalseNM-M,0,0.05,http://s.mtgprice.com/sets/Ikoria_Lair_of_Behemoths/img/Fire Prophecy.full.jpg,False,0.05,TCG Player,Fire Prophecy,0.0,0.0,0,Ikoria_Lair_of_Behemoths,/spoiler_lists/Ikoria_Lair_of_Behemoths,/sets/Ikoria_Lair_of_Behemoths/Fire_Prophecy
-0.009999999776482001,0.0,Card Kingdom,0.05,Flame_SpillIkoria_Lair_of_BehemothsfalseNM-M,0,0.03,http://s.mtgprice.com/sets/Ikoria_Lair_of_Behemoths/img/Flame Spill.full.jpg,False,0.03,TCG Player,Flame Spill,-25.0,0.0,0,Ikoria_Lair_of_Behemoths,/spoiler_lists/Ikoria_Lair_of_Behemoths,/sets/Ikoria_Lair_of_Behemoths/Flame_Spill
0.009999990463256002,0.05999998748302401,ABUGames,0.06,Flourishing_FoxIkoria_Lair_of_BehemothsfalseNM-M,0,0.26,http://s.mtgprice.com/sets/Ikoria_Lair_of_Behemoths/img/Flourishing Fox.full.jpg,False,0.25,Card Kingdom,Flourishing Fox,3.999996185302734,29.99999237060547,0,Ikoria_Lair_of_Behemoths,/spoiler_lists/Ikoria_Lair_of_Behemoths,/sets/Ikoria_Lair_of_Behemoths/Flourishing_Fox
0.0,0.0,UNDEFINED,0.0,Flourishing_Fox_PromoIkoria_Lair_of_BehemothsfalseNM-M,0,0.0,http://s.mtgprice.com/sets/Ikoria_Lair_of_Behemoths/img/Flourishing Fox Promo.full.jpg,False,999999.0,Unknown,Flourishing Fox (Promo),,,0,Ikoria_Lair_of_Behemoths,/spoiler_lists/Ikoria_Lair_of_Behemoths,/sets/Ikoria_Lair_of_Behemoths/Flourishing_Fox_(Promo)
0.0,0.0,UNDEFINED,0.0,Flycatcher_GiraffidIkoria_Lair_of_BehemothsfalseNM-M,0,0.01,http://s.mtgprice.com/sets/Ikoria_Lair_of_Behemoths/img/Flycatcher Giraffid.full.jpg,False,0.01,TCG Player,Flycatcher Giraffid,0.0,0.0,0,Ikoria_Lair_of_Behemoths,/spoiler_lists/Ikoria_Lair_of_Behemoths,/sets/Ikoria_Lair_of_Behemoths/Flycatcher_Giraffid
-0.069999992847442,0.0,Miniature Market,0.1,Footfall_CraterIkoria_Lair_of_BehemothsfalseNM-M,0,0.18,http://s.mtgprice.com/sets/Ikoria_Lair_of_Behemoths/img/Footfall Crater.full.jpg,False,0.18,TCG Player,Footfall Crater,-27.999996185302734,0.0,0,Ikoria_Lair_of_Behemoths,/spoiler_lists/Ikoria_Lair_of_Behemoths,/sets/Ikoria_Lair_of_Behemoths/Footfall_Crater
0.009999999776482001,0.0,ABUGames,0.08,Forbidden_FriendshipIkoria_Lair_of_BehemothsfalseNM-M,0,0.03,http://s.mtgprice.com/sets/Ikoria_Lair_of_Behemoths/img/Forbidden Friendship.full.jpg,False,0.03,TCG Player,Forbidden Friendship,50.0,0.0,0,Ikoria_Lair_of_Behemoths,/spoiler_lists/Ikoria_Lair_of_Behemoths,/sets/Ikoria_Lair_of_Behemoths/Forbidden_Friendship
0.0,0.0,UNDEFINED,0.0,Forbidden_Friendship_PromoIkoria_Lair_of_BehemothsfalseNM-M,0,0.0,http://s.mtgprice.com/sets/Ikoria_Lair_of_Behemoths/img/Forbidden Friendship Promo.full.jpg,False,999999.0,Unknown,Forbidden Friendship (Promo),,,0,Ikoria_Lair_of_Behemoths,/spoiler_lists/Ikoria_Lair_of_Behemoths,/sets/Ikoria_Lair_of_Behemoths/Forbidden_Friendship_(Promo)
-0.10999999940395301,0.0,ABUGames,0.02,ForestIkoria_Lair_of_BehemothsfalseNM-M,0,0.2,http://s.mtgprice.com/sets/Ikoria_Lair_of_Behemoths/img/Forest.full.jpg,False,0.15,Card Kingdom,Forest,-35.48387145996094,0.0,0,Ikoria_Lair_of_Behemoths,/spoiler_lists/Ikoria_Lair_of_Behemoths,/sets/Ikoria_Lair_of_Behemoths/Forest
0.009999999776482001,0.0,UNDEFINED,0.0,Frenzied_RaptorIkoria_Lair_of_BehemothsfalseNM-M,0,0.02,http://s.mtgprice.com/sets/Ikoria_Lair_of_Behemoths/img/Frenzied Raptor.full.jpg,False,0.02,TCG Player,Frenzied Raptor,100.0,0.0,0,Ikoria_Lair_of_Behemoths,/spoiler_lists/Ikoria_Lair_of_Behemoths,/sets/Ikoria_Lair_of_Behemoths/Frenzied_Raptor
0.009999999776482001,0.0,UNDEFINED,0.0,Frillscare_MentorIkoria_Lair_of_BehemothsfalseNM-M,0,0.02,http://s.mtgprice.com/sets/Ikoria_Lair_of_Behemoths/img/Frillscare Mentor.full.jpg,False,0.02,TCG Player,Frillscare Mentor,100.0,0.0,0,Ikoria_Lair_of_Behemoths,/spoiler_lists/Ikoria_Lair_of_Behemoths,/sets/Ikoria_Lair_of_Behemoths/Frillscare_Mentor
0.0,0.0,ABUGames,0.24,Frondland_FelidarIkoria_Lair_of_BehemothsfalseNM-M,0,0.1,http://s.mtgprice.com/sets/Ikoria_Lair_of_Behemoths/img/Frondland Felidar.full.jpg,False,0.1,TCG Player,Frondland Felidar,0.0,0.0,0,Ikoria_Lair_of_Behemoths,/spoiler_lists/Ikoria_Lair_of_Behemoths,/sets/Ikoria_Lair_of_Behemoths/Frondland_Felidar
0.069999992847442,0.0,Card Kingdom,0.1,Frondland_Felidar_Extended_ArtIkoria_Lair_of_BehemothsfalseNM-M,0,0.59,http://s.mtgprice.com/sets/Ikoria_Lair_of_Behemoths/img/Frondland Felidar Extended Art.full.jpg,False,0.39,Card Kingdom,Frondland Felidar (Extended Art),13.46153736114502,0.0,0,Ikoria_Lair_of_Behemoths,/spoiler_lists/Ikoria_Lair_of_Behemoths,/sets/Ikoria_Lair_of_Behemoths/Frondland_Felidar_(Extended_Art)
0.009999999776482001,0.0,UNDEFINED,0.0,Frost_LynxIkoria_Lair_of_BehemothsfalseNM-M,0,0.02,http://s.mtgprice.com/sets/Ikoria_Lair_of_Behemoths/img/Frost Lynx.full.jpg,False,0.02,TCG Player,Frost Lynx,100.0,0.0,0,Ikoria_Lair_of_Behemoths,/spoiler_lists/Ikoria_Lair_of_Behemoths,/sets/Ikoria_Lair_of_Behemoths/Frost_Lynx
0.009999999776482001,0.0,UNDEFINED,0.0,Frostveil_AmbushIkoria_Lair_of_BehemothsfalseNM-M,0,0.03,http://s.mtgprice.com/sets/Ikoria_Lair_of_Behemoths/img/Frostveil Ambush.full.jpg,False,0.03,TCG Player,Frostveil Ambush,50.0,0.0,0,Ikoria_Lair_of_Behemoths,/spoiler_lists/Ikoria_Lair_of_Behemoths,/sets/Ikoria_Lair_of_Behemoths/Frostveil_Ambush
0.019999999552965,0.0,UNDEFINED,0.0,Fully_GrownIkoria_Lair_of_BehemothsfalseNM-M,0,0.03,http://s.mtgprice.com/sets/Ikoria_Lair_of_Behemoths/img/Fully Grown.full.jpg,False,0.03,TCG Player,Fully Grown,200.0,0.0,0,Ikoria_Lair_of_Behemoths,/spoiler_lists/Ikoria_Lair_of_Behemoths,/sets/Ikoria_Lair_of_Behemoths/Fully_Grown
-0.009999999776482001,0.0,UNDEFINED,0.0,Garrison_CatIkoria_Lair_of_BehemothsfalseNM-M,0,0.03,http://s.mtgprice.com/sets/Ikoria_Lair_of_Behemoths/img/Garrison Cat.full.jpg,False,0.03,TCG Player,Garrison Cat,-25.0,0.0,0,Ikoria_Lair_of_Behemoths,/spoiler_lists/Ikoria_Lair_of_Behemoths,/sets/Ikoria_Lair_of_Behemoths/Garrison_Cat
-0.18999993801116902,0.0,Miniature Market,1.3,GemrazerIkoria_Lair_of_BehemothsfalseNM-M,0,1.44,http://s.mtgprice.com/sets/Ikoria_Lair_of_Behemoths/img/Gemrazer.full.jpg,False,1.19,StrikeZone,Gemrazer,-11.656437873840332,0.0,0,Ikoria_Lair_of_Behemoths,/spoiler_lists/Ikoria_Lair_of_Behemoths,/sets/Ikoria_Lair_of_Behemoths/Gemrazer
0.0,0.0,Card Kingdom,1.6,Gemrazer_PromoIkoria_Lair_of_BehemothsfalseNM-M,0,4.49,http://s.mtgprice.com/sets/Ikoria_Lair_of_Behemoths/img/Gemrazer Promo.full.jpg,False,4.49,Card Kingdom,Gemrazer (Promo),0.0,0.0,0,Ikoria_Lair_of_Behemoths,/spoiler_lists/Ikoria_Lair_of_Behemoths,/sets/Ikoria_Lair_of_Behemoths/Gemrazer_(Promo)
-0.019999980926513002,0.0,Card Kingdom,0.85,Gemrazer_ShowcaseIkoria_Lair_of_BehemothsfalseNM-M,0,1.48,http://s.mtgprice.com/sets/Ikoria_Lair_of_Behemoths/img/Gemrazer Showcase.full.jpg,False,1.48,TCG Player,Gemrazer (Showcase),-1.3333320617675781,0.0,0,Ikoria_Lair_of_Behemoths,/spoiler_lists/Ikoria_Lair_of_Behemoths,/sets/Ikoria_Lair_of_Behemoths/Gemrazer_(Showcase)
0.0,0.0,UNDEFINED,0.0,General's_EnforcerIkoria_Lair_of_BehemothsfalseNM-M,0,0.1,http://s.mtgprice.com/sets/Ikoria_Lair_of_Behemoths/img/General's Enforcer.full.jpg,False,0.1,TCG Player,General's Enforcer,0.0,0.0,0,Ikoria_Lair_of_Behemoths,/spoiler_lists/Ikoria_Lair_of_Behemoths,/sets/Ikoria_Lair_of_Behemoths/General's_Enforcer
-0.10999989509582501,0.0,Miniature Market,3.0,General_Kudro_of_DrannithIkoria_Lair_of_BehemothsfalseNM-M,0,3.88,http://s.mtgprice.com/sets/Ikoria_Lair_of_Behemoths/img/General Kudro of Drannith.full.jpg,False,3.88,TCG Player,General Kudro of Drannith,-2.756889581680298,0.0,0,Ikoria_Lair_of_Behemoths,/spoiler_lists/Ikoria_Lair_of_Behemoths,/sets/Ikoria_Lair_of_Behemoths/General_Kudro_of_Drannith
-0.130000114440917,0.069999694824218,Card Kingdom,5.5,General_Kudro_of_Drannith_Extended_ArtIkoria_Lair_of_BehemothsfalseNM-M,0,6.47,http://s.mtgprice.com/sets/Ikoria_Lair_of_Behemoths/img/General Kudro of Drannith Extended Art.full.jpg,False,6.47,TCG Player,General Kudro of Drannith (Extended Art),-1.9696987867355342,1.093745231628418,0,Ikoria_Lair_of_Behemoths,/spoiler_lists/Ikoria_Lair_of_Behemoths,/sets/Ikoria_Lair_of_Behemoths/General_Kudro_of_Drannith_(Extended_Art)
0.12000000476837101,0.0,Card Kingdom,0.2,Genesis_UltimatumIkoria_Lair_of_BehemothsfalseNM-M,0,0.41000000000000003,http://s.mtgprice.com/sets/Ikoria_Lair_of_Behemoths/img/Genesis Ultimatum.full.jpg,False,0.36,ABUGames,Genesis Ultimatum,41.37931442260742,0.0,0,Ikoria_Lair_of_Behemoths,/spoiler_lists/Ikoria_Lair_of_Behemoths,/sets/Ikoria_Lair_of_Behemoths/Genesis_Ultimatum
-0.150000095367431,0.6699999570846551,Card Kingdom,1.3,Genesis_Ultimatum_Extended_ArtIkoria_Lair_of_BehemothsfalseNM-M,0,2.2800000000000002,http://s.mtgprice.com/sets/Ikoria_Lair_of_Behemoths/img/Genesis Ultimatum Extended Art.full.jpg,False,2.28,TCG Player,Genesis Ultimatum (Extended Art),-6.17284345626831,41.614906311035156,0,Ikoria_Lair_of_Behemoths,/spoiler_lists/Ikoria_Lair_of_Behemoths,/sets/Ikoria_Lair_of_Behemoths/Genesis_Ultimatum_(Extended_Art)
0.009999999776482001,0.0,UNDEFINED,0.0,GlimmerbellIkoria_Lair_of_BehemothsfalseNM-M,0,0.02,http://s.mtgprice.com/sets/Ikoria_Lair_of_Behemoths/img/Glimmerbell.full.jpg,False,0.02,TCG Player,Glimmerbell,100.0,0.0,0,Ikoria_Lair_of_Behemoths,/spoiler_lists/Ikoria_Lair_of_Behemoths,/sets/Ikoria_Lair_of_Behemoths/Glimmerbell
0.009999999776482001,0.0,UNDEFINED,0.0,Gloom_PangolinIkoria_Lair_of_BehemothsfalseNM-M,0,0.02,http://s.mtgprice.com/sets/Ikoria_Lair_of_Behemoths/img/Gloom Pangolin.full.jpg,False,0.02,TCG Player,Gloom Pangolin,100.0,0.0,0,Ikoria_Lair_of_Behemoths,/spoiler_lists/Ikoria_Lair_of_Behemoths,/sets/Ikoria_Lair_of_Behemoths/Gloom_Pangolin
-0.019999999552965,0.0,ABUGames,0.08,Glowstone_RecluseIkoria_Lair_of_BehemothsfalseNM-M,0,0.04,http://s.mtgprice.com/sets/Ikoria_Lair_of_Behemoths/img/Glowstone Recluse.full.jpg,False,0.04,TCG Player,Glowstone Recluse,-33.333335876464844,0.0,0,Ikoria_Lair_of_Behemoths,/spoiler_lists/Ikoria_Lair_of_Behemoths,/sets/Ikoria_Lair_of_Behemoths/Glowstone_Recluse
-0.019999995827674002,-0.009999990463256002,Card Kingdom,0.05,Glowstone_Recluse_ShowcaseIkoria_Lair_of_BehemothsfalseNM-M,0,0.23,http://s.mtgprice.com/sets/Ikoria_Lair_of_Behemoths/img/Glowstone Recluse Showcase.full.jpg,False,0.23,TCG Player,Glowstone Recluse (Showcase),-7.999998092651367,-4.166662693023682,0,Ikoria_Lair_of_Behemoths,/spoiler_lists/Ikoria_Lair_of_Behemoths,/sets/Ikoria_Lair_of_Behemoths/Glowstone_Recluse_(Showcase)
0.0,0.0,UNDEFINED,0.0,Go_for_BloodIkoria_Lair_of_BehemothsfalseNM-M,0,0.04,http://s.mtgprice.com/sets/Ikoria_Lair_of_Behemoths/img/Go for Blood.full.jpg,False,0.04,TCG Player,Go for Blood,0.0,0.0,0,Ikoria_Lair_of_Behemoths,/spoiler_lists/Ikoria_Lair_of_Behemoths,/sets/Ikoria_Lair_of_Behemoths/Go_for_Blood
0.009999999776482001,0.0,UNDEFINED,0.0,Greater_SandwurmIkoria_Lair_of_BehemothsfalseNM-M,0,0.02,http://s.mtgprice.com/sets/Ikoria_Lair_of_Behemoths/img/Greater Sandwurm.full.jpg,False,0.02,TCG Player,Greater Sandwurm,100.0,0.0,0,Ikoria_Lair_of_Behemoths,/spoiler_lists/Ikoria_Lair_of_Behemoths,/sets/Ikoria_Lair_of_Behemoths/Greater_Sandwurm
0.029999993741512004,0.019999995827674002,ABUGames,0.02,GrimdancerIkoria_Lair_of_BehemothsfalseNM-M,0,0.13,http://s.mtgprice.com/sets/Ikoria_Lair_of_Behemoths/img/Grimdancer.full.jpg,False,0.13,TCG Player,Grimdancer,29.99999237060547,18.181814193725586,0,Ikoria_Lair_of_Behemoths,/spoiler_lists/Ikoria_Lair_of_Behemoths,/sets/Ikoria_Lair_of_Behemoths/Grimdancer
-0.009999999776482001,0.0,UNDEFINED,0.0,Gust_of_WindIkoria_Lair_of_BehemothsfalseNM-M,0,0.03,http://s.mtgprice.com/sets/Ikoria_Lair_of_Behemoths/img/Gust of Wind.full.jpg,False,0.03,TCG Player,Gust of Wind,-25.0,0.0,0,Ikoria_Lair_of_Behemoths,/spoiler_lists/Ikoria_Lair_of_Behemoths,/sets/Ikoria_Lair_of_Behemoths/Gust_of_Wind
0.0,0.030000001192092004,Miniature Market,0.15,"Gyruda,_Doom_of_DepthsIkoria_Lair_of_BehemothsfalseNM-M",0,0.25,"http://s.mtgprice.com/sets/Ikoria_Lair_of_Behemoths/img/Gyruda, Doom of Depths.full.jpg",False,0.25,Card Kingdom,"Gyruda, Doom of Depths",0.0,13.636363983154297,0,Ikoria_Lair_of_Behemoths,/spoiler_lists/Ikoria_Lair_of_Behemoths,"/sets/Ikoria_Lair_of_Behemoths/Gyruda,_Doom_of_Depths"
-0.5699999332427971,-0.559999942779541,Card Kingdom,0.2,"Gyruda,_Doom_of_Depths_Extended_ArtIkoria_Lair_of_BehemothsfalseNM-M",0,0.97,"http://s.mtgprice.com/sets/Ikoria_Lair_of_Behemoths/img/Gyruda, Doom of Depths Extended Art.full.jpg",False,0.97,TCG Player,"Gyruda, Doom of Depths (Extended Art)",-37.01298141479492,-36.60130310058594,0,Ikoria_Lair_of_Behemoths,/spoiler_lists/Ikoria_Lair_of_Behemoths,"/sets/Ikoria_Lair_of_Behemoths/Gyruda,_Doom_of_Depths_(Extended_Art)"
-0.5,0.0,Card Kingdom,1.15,"Gyruda,_Doom_of_Depths_PromoIkoria_Lair_of_BehemothsfalseNM-M",0,4.49,"http://s.mtgprice.com/sets/Ikoria_Lair_of_Behemoths/img/Gyruda, Doom of Depths Promo.full.jpg",False,4.49,Card Kingdom,"Gyruda, Doom of Depths (Promo)",-10.020040512084961,0.0,0,Ikoria_Lair_of_Behemoths,/spoiler_lists/Ikoria_Lair_of_Behemoths,"/sets/Ikoria_Lair_of_Behemoths/Gyruda,_Doom_of_Depths_(Promo)"
0.009999999776482001,0.0,UNDEFINED,0.0,Hampering_SnareIkoria_Lair_of_BehemothsfalseNM-M,0,0.02,http://s.mtgprice.com/sets/Ikoria_Lair_of_Behemoths/img/Hampering Snare.full.jpg,False,0.02,TCG Player,Hampering Snare,100.0,0.0,0,Ikoria_Lair_of_Behemoths,/spoiler_lists/Ikoria_Lair_of_Behemoths,/sets/Ikoria_Lair_of_Behemoths/Hampering_Snare
-0.12000000476837101,0.0,ABUGames,0.15,Heartless_ActIkoria_Lair_of_BehemothsfalseNM-M,0,0.38,http://s.mtgprice.com/sets/Ikoria_Lair_of_Behemoths/img/Heartless Act.full.jpg,False,0.38,TCG Player,Heartless Act,-24.0,0.0,0,Ikoria_Lair_of_Behemoths,/spoiler_lists/Ikoria_Lair_of_Behemoths,/sets/Ikoria_Lair_of_Behemoths/Heartless_Act
0.0,0.0,UNDEFINED,0.0,Heartless_Act_PromoIkoria_Lair_of_BehemothsfalseNM-M,0,0.0,http://s.mtgprice.com/sets/Ikoria_Lair_of_Behemoths/img/Heartless Act Promo.full.jpg,False,999999.0,Unknown,Heartless Act (Promo),,,0,Ikoria_Lair_of_Behemoths,/spoiler_lists/Ikoria_Lair_of_Behemoths,/sets/Ikoria_Lair_of_Behemoths/Heartless_Act_(Promo)
0.009999999776482001,0.0,UNDEFINED,0.0,Heightened_ReflexesIkoria_Lair_of_BehemothsfalseNM-M,0,0.02,http://s.mtgprice.com/sets/Ikoria_Lair_of_Behemoths/img/Heightened Reflexes.full.jpg,False,0.02,TCG Player,Heightened Reflexes,100.0,0.0,0,Ikoria_Lair_of_Behemoths,/spoiler_lists/Ikoria_Lair_of_Behemoths,/sets/Ikoria_Lair_of_Behemoths/Heightened_Reflexes
0.0,0.0,UNDEFINED,0.0,Helica_GliderIkoria_Lair_of_BehemothsfalseNM-M,0,0.01,http://s.mtgprice.com/sets/Ikoria_Lair_of_Behemoths/img/Helica Glider.full.jpg,False,0.01,TCG Player,Helica Glider,0.0,0.0,0,Ikoria_Lair_of_Behemoths,/spoiler_lists/Ikoria_Lair_of_Behemoths,/sets/Ikoria_Lair_of_Behemoths/Helica_Glider
0.0,0.0,UNDEFINED,0.0,Honey_MammothIkoria_Lair_of_BehemothsfalseNM-M,0,0.01,http://s.mtgprice.com/sets/Ikoria_Lair_of_Behemoths/img/Honey Mammoth.full.jpg,False,0.01,TCG Player,Honey Mammoth,0.0,0.0,0,Ikoria_Lair_of_Behemoths,/spoiler_lists/Ikoria_Lair_of_Behemoths,/sets/Ikoria_Lair_of_Behemoths/Honey_Mammoth
-0.010000001639127001,0.0,UNDEFINED,0.0,Hornbash_MentorIkoria_Lair_of_BehemothsfalseNM-M,0,0.04,http://s.mtgprice.com/sets/Ikoria_Lair_of_Behemoths/img/Hornbash Mentor.full.jpg,False,0.04,TCG Player,Hornbash Mentor,-20.000003814697266,0.0,0,Ikoria_Lair_of_Behemoths,/spoiler_lists/Ikoria_Lair_of_Behemoths,/sets/Ikoria_Lair_of_Behemoths/Hornbash_Mentor
0.0,0.0,UNDEFINED,0.0,Humble_NaturalistIkoria_Lair_of_BehemothsfalseNM-M,0,0.01,http://s.mtgprice.com/sets/Ikoria_Lair_of_Behemoths/img/Humble Naturalist.full.jpg,False,0.01,TCG Player,Humble Naturalist,0.0,0.0,0,Ikoria_Lair_of_Behemoths,/spoiler_lists/Ikoria_Lair_of_Behemoths,/sets/Ikoria_Lair_of_Behemoths/Humble_Naturalist
0.0,0.0,ABUGames,0.03,Hunted_NightmareIkoria_Lair_of_BehemothsfalseNM-M,0,0.16,http://s.mtgprice.com/sets/Ikoria_Lair_of_Behemoths/img/Hunted Nightmare.full.jpg,False,0.16,TCG Player,Hunted Nightmare,0.0,0.0,0,Ikoria_Lair_of_Behemoths,/spoiler_lists/Ikoria_Lair_of_Behemoths,/sets/Ikoria_Lair_of_Behemoths/Hunted_Nightmare
-0.790000021457672,0.0,Card Kingdom,0.1,Hunted_Nightmare_Extended_ArtIkoria_Lair_of_BehemothsfalseNM-M,0,0.30000000000000004,http://s.mtgprice.com/sets/Ikoria_Lair_of_Behemoths/img/Hunted Nightmare Extended Art.full.jpg,False,0.3,TCG Player,Hunted Nightmare (Extended Art),-72.47706604003906,0.0,0,Ikoria_Lair_of_Behemoths,/spoiler_lists/Ikoria_Lair_of_Behemoths,/sets/Ikoria_Lair_of_Behemoths/Hunted_Nightmare_(Extended_Art)
0.0,0.0,ABUGames,0.02,Huntmaster_LigerIkoria_Lair_of_BehemothsfalseNM-M,0,0.05,http://s.mtgprice.com/sets/Ikoria_Lair_of_Behemoths/img/Huntmaster Liger.full.jpg,False,0.05,TCG Player,Huntmaster Liger,0.0,0.0,0,Ikoria_Lair_of_Behemoths,/spoiler_lists/Ikoria_Lair_of_Behemoths,/sets/Ikoria_Lair_of_Behemoths/Huntmaster_Liger
0.0,0.0,Card Kingdom,0.05,Huntmaster_Liger_PromoIkoria_Lair_of_BehemothsfalseNM-M,0,0.25,http://s.mtgprice.com/sets/Ikoria_Lair_of_Behemoths/img/Huntmaster Liger Promo.full.jpg,False,0.25,Card Kingdom,Huntmaster Liger (Promo),0.0,0.0,0,Ikoria_Lair_of_Behemoths,/spoiler_lists/Ikoria_Lair_of_Behemoths,/sets/Ikoria_Lair_of_Behemoths/Huntmaster_Liger_(Promo)
-0.03999999910593,0.0,UNDEFINED,0.0,Huntmaster_Liger_ShowcaseIkoria_Lair_of_BehemothsfalseNM-M,0,0.1,http://s.mtgprice.com/sets/Ikoria_Lair_of_Behemoths/img/Huntmaster Liger Showcase.full.jpg,False,0.1,TCG Player,Huntmaster Liger (Showcase),-28.571426391601562,0.0,0,Ikoria_Lair_of_Behemoths,/spoiler_lists/Ikoria_Lair_of_Behemoths,/sets/Ikoria_Lair_of_Behemoths/Huntmaster_Liger_(Showcase)
0.10000002384185701,0.0,ABUGames,26.24,"Illuna,_Apex_of_WishesIkoria_Lair_of_BehemothsfalseNM-M",0,1.5899999999999999,"http://s.mtgprice.com/sets/Ikoria_Lair_of_Behemoths/img/Illuna, Apex of Wishes.full.jpg",False,1.59,TCG Player,"Illuna, Apex of Wishes",6.7114105224609375,0.0,0,Ikoria_Lair_of_Behemoths,/spoiler_lists/Ikoria_Lair_of_Behemoths,"/sets/Ikoria_Lair_of_Behemoths/Illuna,_Apex_of_Wishes"
-2.0,0.0,Card Kingdom,19.0,"Illuna,_Apex_of_Wishes_PromoIkoria_Lair_of_BehemothsfalseNM-M",0,37.99,"http://s.mtgprice.com/sets/Ikoria_Lair_of_Behemoths/img/Illuna, Apex of Wishes Promo.full.jpg",False,37.99,Card Kingdom,"Illuna, Apex of Wishes (Promo)",-5.001250267028809,0.0,0,Ikoria_Lair_of_Behemoths,/spoiler_lists/Ikoria_Lair_of_Behemoths,"/sets/Ikoria_Lair_of_Behemoths/Illuna,_Apex_of_Wishes_(Promo)"
0.18999993801116902,0.0,TCG Player,0.58,"Illuna,_Apex_of_Wishes_ShowcaseIkoria_Lair_of_BehemothsfalseNM-M",0,1.77,"http://s.mtgprice.com/sets/Ikoria_Lair_of_Behemoths/img/Illuna, Apex of Wishes Showcase.full.jpg",False,1.77,TCG Player,"Illuna, Apex of Wishes (Showcase)",12.025312423706055,0.0,0,Ikoria_Lair_of_Behemoths,/spoiler_lists/Ikoria_Lair_of_Behemoths,"/sets/Ikoria_Lair_of_Behemoths/Illuna,_Apex_of_Wishes_(Showcase)"
-0.019999999552965,0.0,UNDEFINED,0.0,Imposing_VantasaurIkoria_Lair_of_BehemothsfalseNM-M,0,0.01,http://s.mtgprice.com/sets/Ikoria_Lair_of_Behemoths/img/Imposing Vantasaur.full.jpg,False,0.01,TCG Player,Imposing Vantasaur,-66.66667175292969,0.0,0,Ikoria_Lair_of_Behemoths,/spoiler_lists/Ikoria_Lair_of_Behemoths,/sets/Ikoria_Lair_of_Behemoths/Imposing_Vantasaur
0.0,0.0,UNDEFINED,0.0,Indatha_CrystalIkoria_Lair_of_BehemothsfalseNM-M,0,0.07,http://s.mtgprice.com/sets/Ikoria_Lair_of_Behemoths/img/Indatha Crystal.full.jpg,False,0.07,TCG Player,Indatha Crystal,0.0,0.0,0,Ikoria_Lair_of_Behemoths,/spoiler_lists/Ikoria_Lair_of_Behemoths,/sets/Ikoria_Lair_of_Behemoths/Indatha_Crystal
-0.039999961853027004,-0.009999752044677,StrikeZone,4.0,Indatha_TriomeIkoria_Lair_of_BehemothsfalseNM-M,0,4.73,http://s.mtgprice.com/sets/Ikoria_Lair_of_Behemoths/img/Indatha Triome.full.jpg,False,4.73,TCG Player,Indatha Triome,-0.8385736346244811,-0.21096524596214203,0,Ikoria_Lair_of_Behemoths,/spoiler_lists/Ikoria_Lair_of_Behemoths,/sets/Ikoria_Lair_of_Behemoths/Indatha_Triome
-0.5499997138977051,-0.519999980926513,TCG Player,4.58,Indatha_Triome_ShowcaseIkoria_Lair_of_BehemothsfalseNM-M,0,5.44,http://s.mtgprice.com/sets/Ikoria_Lair_of_Behemoths/img/Indatha Triome Showcase.full.jpg,False,5.44,TCG Player,Indatha Triome (Showcase),-9.181965827941895,-8.724831581115723,0,Ikoria_Lair_of_Behemoths,/spoiler_lists/Ikoria_Lair_of_Behemoths,/sets/Ikoria_Lair_of_Behemoths/Indatha_Triome_(Showcase)
-0.010000001639127001,0.0,UNDEFINED,0.0,Insatiable_HemophageIkoria_Lair_of_BehemothsfalseNM-M,0,0.04,http://s.mtgprice.com/sets/Ikoria_Lair_of_Behemoths/img/Insatiable Hemophage.full.jpg,False,0.04,TCG Player,Insatiable Hemophage,-20.000003814697266,0.0,0,Ikoria_Lair_of_Behemoths,/spoiler_lists/Ikoria_Lair_of_Behemoths,/sets/Ikoria_Lair_of_Behemoths/Insatiable_Hemophage
-0.010000005364418,0.0,Card Kingdom,0.05,Insatiable_Hemophage_ShowcaseIkoria_Lair_of_BehemothsfalseNM-M,0,0.24,http://s.mtgprice.com/sets/Ikoria_Lair_of_Behemoths/img/Insatiable Hemophage Showcase.full.jpg,False,0.24,TCG Player,Insatiable Hemophage (Showcase),-4.000001907348633,0.0,0,Ikoria_Lair_of_Behemoths,/spoiler_lists/Ikoria_Lair_of_Behemoths,/sets/Ikoria_Lair_of_Behemoths/Insatiable_Hemophage_(Showcase)
0.020000010728836,0.0,Card Kingdom,0.1,Inspired_UltimatumIkoria_Lair_of_BehemothsfalseNM-M,0,0.15,http://s.mtgprice.com/sets/Ikoria_Lair_of_Behemoths/img/Inspired Ultimatum.full.jpg,False,0.15,TCG Player,Inspired Ultimatum,15.384624481201172,0.0,0,Ikoria_Lair_of_Behemoths,/spoiler_lists/Ikoria_Lair_of_Behemoths,/sets/Ikoria_Lair_of_Behemoths/Inspired_Ultimatum
0.9799999594688411,0.0,TCG Player,0.01,Inspired_Ultimatum_Extended_ArtIkoria_Lair_of_BehemothsfalseNM-M,0,1.17,http://s.mtgprice.com/sets/Ikoria_Lair_of_Behemoths/img/Inspired Ultimatum Extended Art.full.jpg,False,0.79,Card Kingdom,Inspired Ultimatum (Extended Art),515.7894897460938,0.0,0,Ikoria_Lair_of_Behemoths,/spoiler_lists/Ikoria_Lair_of_Behemoths,/sets/Ikoria_Lair_of_Behemoths/Inspired_Ultimatum_(Extended_Art)
-0.6699999570846551,0.030000001192092004,Card Kingdom,0.02,IslandIkoria_Lair_of_BehemothsfalseNM-M,0,0.23,http://s.mtgprice.com/sets/Ikoria_Lair_of_Behemoths/img/Island.full.jpg,False,0.23,TCG Player,Island,-74.44444274902344,15.000000953674316,0,Ikoria_Lair_of_Behemoths,/spoiler_lists/Ikoria_Lair_of_Behemoths,/sets/Ikoria_Lair_of_Behemoths/Island
0.009999999776482001,0.0,UNDEFINED,0.0,Ivy_ElementalIkoria_Lair_of_BehemothsfalseNM-M,0,0.04,http://s.mtgprice.com/sets/Ikoria_Lair_of_Behemoths/img/Ivy Elemental.full.jpg,False,0.04,TCG Player,Ivy Elemental,33.333335876464844,0.0,0,Ikoria_Lair_of_Behemoths,/spoiler_lists/Ikoria_Lair_of_Behemoths,/sets/Ikoria_Lair_of_Behemoths/Ivy_Elemental
0.08999997377395601,0.0,Miniature Market,0.5,"Jegantha,_the_WellspringIkoria_Lair_of_BehemothsfalseNM-M",0,0.59,"http://s.mtgprice.com/sets/Ikoria_Lair_of_Behemoths/img/Jegantha, the Wellspring.full.jpg",False,0.39,StrikeZone,"Jegantha, the Wellspring",17.9999942779541,0.0,0,Ikoria_Lair_of_Behemoths,/spoiler_lists/Ikoria_Lair_of_Behemoths,"/sets/Ikoria_Lair_of_Behemoths/Jegantha,_the_Wellspring"
-0.299999952316284,0.5500000715255731,Card Kingdom,0.7,"Jegantha,_the_Wellspring_Extended_ArtIkoria_Lair_of_BehemothsfalseNM-M",0,2.18,"http://s.mtgprice.com/sets/Ikoria_Lair_of_Behemoths/img/Jegantha, the Wellspring Extended Art.full.jpg",False,1.99,Card Kingdom,"Jegantha, the Wellspring (Extended Art)",-12.096772193908691,33.74233627319336,0,Ikoria_Lair_of_Behemoths,/spoiler_lists/Ikoria_Lair_of_Behemoths,"/sets/Ikoria_Lair_of_Behemoths/Jegantha,_the_Wellspring_(Extended_Art)"
0.0,0.0,UNDEFINED,0.0,Jubilant_SkybonderIkoria_Lair_of_BehemothsfalseNM-M,0,0.09,http://s.mtgprice.com/sets/Ikoria_Lair_of_Behemoths/img/Jubilant Skybonder.full.jpg,False,0.09,TCG Player,Jubilant Skybonder,0.0,0.0,0,Ikoria_Lair_of_Behemoths,/spoiler_lists/Ikoria_Lair_of_Behemoths,/sets/Ikoria_Lair_of_Behemoths/Jubilant_Skybonder
-0.010000001639127001,0.0,UNDEFINED,0.0,Jungle_HollowIkoria_Lair_of_BehemothsfalseNM-M,0,0.04,http://s.mtgprice.com/sets/Ikoria_Lair_of_Behemoths/img/Jungle Hollow.full.jpg,False,0.04,TCG Player,Jungle Hollow,-20.000003814697266,0.0,0,Ikoria_Lair_of_Behemoths,/spoiler_lists/Ikoria_Lair_of_Behemoths,/sets/Ikoria_Lair_of_Behemoths/Jungle_Hollow
-0.10000002384185701,0.269999980926513,Card Kingdom,0.25,"Kaheera,_the_OrphanguardIkoria_Lair_of_BehemothsfalseNM-M",0,0.52,"http://s.mtgprice.com/sets/Ikoria_Lair_of_Behemoths/img/Kaheera, the Orphanguard.full.jpg",False,0.52,TCG Player,"Kaheera, the Orphanguard",-16.12903594970703,107.99999237060547,0,Ikoria_Lair_of_Behemoths,/spoiler_lists/Ikoria_Lair_of_Behemoths,"/sets/Ikoria_Lair_of_Behemoths/Kaheera,_the_Orphanguard"
0.21000003814697202,0.0,Card Kingdom,1.8,"Kaheera,_the_Orphanguard_Extended_ArtIkoria_Lair_of_BehemothsfalseNM-M",0,1.99,"http://s.mtgprice.com/sets/Ikoria_Lair_of_Behemoths/img/Kaheera, the Orphanguard Extended Art.full.jpg",False,1.99,TCG Player,"Kaheera, the Orphanguard (Extended Art)",11.797755241394043,0.0,0,Ikoria_Lair_of_Behemoths,/spoiler_lists/Ikoria_Lair_of_Behemoths,"/sets/Ikoria_Lair_of_Behemoths/Kaheera,_the_Orphanguard_(Extended_Art)"
0.019999999552965,0.0,UNDEFINED,0.0,Keensight_MentorIkoria_Lair_of_BehemothsfalseNM-M,0,0.03,http://s.mtgprice.com/sets/Ikoria_Lair_of_Behemoths/img/Keensight Mentor.full.jpg,False,0.03,TCG Player,Keensight Mentor,200.0,0.0,0,Ikoria_Lair_of_Behemoths,/spoiler_lists/Ikoria_Lair_of_Behemoths,/sets/Ikoria_Lair_of_Behemoths/Keensight_Mentor
0.0,0.0,UNDEFINED,0.0,Keep_SafeIkoria_Lair_of_BehemothsfalseNM-M,0,0.05,http://s.mtgprice.com/sets/Ikoria_Lair_of_Behemoths/img/Keep Safe.full.jpg,False,0.05,TCG Player,Keep Safe,0.0,0.0,0,Ikoria_Lair_of_Behemoths,/spoiler_lists/Ikoria_Lair_of_Behemoths,/sets/Ikoria_Lair_of_Behemoths/Keep_Safe
-0.019999995827674002,0.030000001192092004,Card Kingdom,0.1,"Keruga,_the_MacrosageIkoria_Lair_of_BehemothsfalseNM-M",0,0.2,"http://s.mtgprice.com/sets/Ikoria_Lair_of_Behemoths/img/Keruga, the Macrosage.full.jpg",False,0.2,TCG Player,"Keruga, the Macrosage",-9.090907096862793,17.647058486938477,0,Ikoria_Lair_of_Behemoths,/spoiler_lists/Ikoria_Lair_of_Behemoths,"/sets/Ikoria_Lair_of_Behemoths/Keruga,_the_Macrosage"
-0.75,0.0,Card Kingdom,0.1,"Keruga,_the_Macrosage_Extended_ArtIkoria_Lair_of_BehemothsfalseNM-M",0,0.49,"http://s.mtgprice.com/sets/Ikoria_Lair_of_Behemoths/img/Keruga, the Macrosage Extended Art.full.jpg",False,0.49,TCG Player,"Keruga, the Macrosage (Extended Art)",-60.48387145996094,0.0,0,Ikoria_Lair_of_Behemoths,/spoiler_lists/Ikoria_Lair_of_Behemoths,"/sets/Ikoria_Lair_of_Behemoths/Keruga,_the_Macrosage_(Extended_Art)"
-0.010000001639127001,0.0,UNDEFINED,0.0,Ketria_CrystalIkoria_Lair_of_BehemothsfalseNM-M,0,0.06,http://s.mtgprice.com/sets/Ikoria_Lair_of_Behemoths/img/Ketria Crystal.full.jpg,False,0.06,TCG Player,Ketria Crystal,-14.28571605682373,0.0,0,Ikoria_Lair_of_Behemoths,/spoiler_lists/Ikoria_Lair_of_Behemoths,/sets/Ikoria_Lair_of_Behemoths/Ketria_Crystal
-0.24000024795532202,-0.190000057220458,Miniature Market,5.25,Ketria_TriomeIkoria_Lair_of_BehemothsfalseNM-M,0,6.2,http://s.mtgprice.com/sets/Ikoria_Lair_of_Behemoths/img/Ketria Triome.full.jpg,False,6.2,TCG Player,Ketria Triome,-3.726711750030517,-2.973396778106689,0,Ikoria_Lair_of_Behemoths,/spoiler_lists/Ikoria_Lair_of_Behemoths,/sets/Ikoria_Lair_of_Behemoths/Ketria_Triome
0.24000024795532202,0.5,Card Kingdom,6.4,Ketria_Triome_ShowcaseIkoria_Lair_of_BehemothsfalseNM-M,0,7.98,http://s.mtgprice.com/sets/Ikoria_Lair_of_Behemoths/img/Ketria Triome Showcase.full.jpg,False,7.98,TCG Player,Ketria Triome (Showcase),3.100778579711914,6.6844916343688965,0,Ikoria_Lair_of_Behemoths,/spoiler_lists/Ikoria_Lair_of_Behemoths,/sets/Ikoria_Lair_of_Behemoths/Ketria_Triome_(Showcase)
-1.429999828338623,-0.119999885559082,Miniature Market,5.25,"Kinnan,_Bonder_ProdigyIkoria_Lair_of_BehemothsfalseNM-M",0,5.05,"http://s.mtgprice.com/sets/Ikoria_Lair_of_Behemoths/img/Kinnan, Bonder Prodigy.full.jpg",False,5.05,TCG Player,"Kinnan, Bonder Prodigy",-22.06789779663086,-2.321080923080444,0,Ikoria_Lair_of_Behemoths,/spoiler_lists/Ikoria_Lair_of_Behemoths,"/sets/Ikoria_Lair_of_Behemoths/Kinnan,_Bonder_Prodigy"
-0.36999988555908203,-0.010000228881835,Card Kingdom,9.0,"Kinnan,_Bonder_Prodigy_Extended_ArtIkoria_Lair_of_BehemothsfalseNM-M",0,12.58,"http://s.mtgprice.com/sets/Ikoria_Lair_of_Behemoths/img/Kinnan, Bonder Prodigy Extended Art.full.jpg",False,12.58,TCG Player,"Kinnan, Bonder Prodigy (Extended Art)",-2.857141971588134,-0.079429931938648,0,Ikoria_Lair_of_Behemoths,/spoiler_lists/Ikoria_Lair_of_Behemoths,"/sets/Ikoria_Lair_of_Behemoths/Kinnan,_Bonder_Prodigy_(Extended_Art)"
-0.009999990463256002,0.069999992847442,Miniature Market,0.3,"Kogla,_the_Titan_ApeIkoria_Lair_of_BehemothsfalseNM-M",0,0.47000000000000003,"http://s.mtgprice.com/sets/Ikoria_Lair_of_Behemoths/img/Kogla, the Titan Ape.full.jpg",False,0.47,TCG Player,"Kogla, the Titan Ape",-2.083331346511841,17.499998092651367,0,Ikoria_Lair_of_Behemoths,/spoiler_lists/Ikoria_Lair_of_Behemoths,"/sets/Ikoria_Lair_of_Behemoths/Kogla,_the_Titan_Ape"
-0.20000004768371502,0.24000000953674303,Card Kingdom,1.15,"Kogla,_the_Titan_Ape_Extended_ArtIkoria_Lair_of_BehemothsfalseNM-M",0,1.99,"http://s.mtgprice.com/sets/Ikoria_Lair_of_Behemoths/img/Kogla, the Titan Ape Extended Art.full.jpg",False,1.99,TCG Player,"Kogla, the Titan Ape (Extended Art)",-9.132421493530273,13.714286804199219,0,Ikoria_Lair_of_Behemoths,/spoiler_lists/Ikoria_Lair_of_Behemoths,"/sets/Ikoria_Lair_of_Behemoths/Kogla,_the_Titan_Ape_(Extended_Art)"
0.080000005662441,0.0,ABUGames,0.03,Labyrinth_RaptorIkoria_Lair_of_BehemothsfalseNM-M,0,0.18,http://s.mtgprice.com/sets/Ikoria_Lair_of_Behemoths/img/Labyrinth Raptor.full.jpg,False,0.18,TCG Player,Labyrinth Raptor,80.00000762939453,0.0,0,Ikoria_Lair_of_Behemoths,/spoiler_lists/Ikoria_Lair_of_Behemoths,/sets/Ikoria_Lair_of_Behemoths/Labyrinth_Raptor
0.010000020265579002,0.010000020265579002,Card Kingdom,0.1,Labyrinth_Raptor_Extended_ArtIkoria_Lair_of_BehemothsfalseNM-M,0,0.36,http://s.mtgprice.com/sets/Ikoria_Lair_of_Behemoths/img/Labyrinth Raptor Extended Art.full.jpg,False,0.36,TCG Player,Labyrinth Raptor (Extended Art),2.857148647308349,2.857148647308349,0,Ikoria_Lair_of_Behemoths,/spoiler_lists/Ikoria_Lair_of_Behemoths,/sets/Ikoria_Lair_of_Behemoths/Labyrinth_Raptor_(Extended_Art)
0.0,0.0,UNDEFINED,0.0,Lava_SerpentIkoria_Lair_of_BehemothsfalseNM-M,0,0.01,http://s.mtgprice.com/sets/Ikoria_Lair_of_Behemoths/img/Lava Serpent.full.jpg,False,0.01,TCG Player,Lava Serpent,0.0,0.0,0,Ikoria_Lair_of_Behemoths,/spoiler_lists/Ikoria_Lair_of_Behemoths,/sets/Ikoria_Lair_of_Behemoths/Lava_Serpent
0.03999999910593,0.0,ABUGames,0.03,Lavabrink_VenturerIkoria_Lair_of_BehemothsfalseNM-M,0,0.14,http://s.mtgprice.com/sets/Ikoria_Lair_of_Behemoths/img/Lavabrink Venturer.full.jpg,False,0.14,TCG Player,Lavabrink Venturer,39.999996185302734,0.0,0,Ikoria_Lair_of_Behemoths,/spoiler_lists/Ikoria_Lair_of_Behemoths,/sets/Ikoria_Lair_of_Behemoths/Lavabrink_Venturer
0.0,-0.069999933242797,TCG Player,0.01,Lavabrink_Venturer_Extended_ArtIkoria_Lair_of_BehemothsfalseNM-M,0,0.97,http://s.mtgprice.com/sets/Ikoria_Lair_of_Behemoths/img/Lavabrink Venturer Extended Art.full.jpg,False,0.35,Card Kingdom,Lavabrink Venturer (Extended Art),0.0,-6.730762958526611,0,Ikoria_Lair_of_Behemoths,/spoiler_lists/Ikoria_Lair_of_Behemoths,/sets/Ikoria_Lair_of_Behemoths/Lavabrink_Venturer_(Extended_Art)
-0.010000001639127001,0.0,ABUGames,0.02,Lead_the_StampedeIkoria_Lair_of_BehemothsfalseNM-M,0,0.04,http://s.mtgprice.com/sets/Ikoria_Lair_of_Behemoths/img/Lead the Stampede.full.jpg,False,0.04,TCG Player,Lead the Stampede,-20.000003814697266,0.0,0,Ikoria_Lair_of_Behemoths,/spoiler_lists/Ikoria_Lair_of_Behemoths,/sets/Ikoria_Lair_of_Behemoths/Lead_the_Stampede
0.0,0.0,UNDEFINED,0.0,Light_of_HopeIkoria_Lair_of_BehemothsfalseNM-M,0,0.05,http://s.mtgprice.com/sets/Ikoria_Lair_of_Behemoths/img/Light of Hope.full.jpg,False,0.05,TCG Player,Light of Hope,0.0,0.0,0,Ikoria_Lair_of_Behemoths,/spoiler_lists/Ikoria_Lair_of_Behemoths,/sets/Ikoria_Lair_of_Behemoths/Light_of_Hope
0.0,0.0,ABUGames,0.06,Lore_DrakkisIkoria_Lair_of_BehemothsfalseNM-M,0,0.05,http://s.mtgprice.com/sets/Ikoria_Lair_of_Behemoths/img/Lore Drakkis.full.jpg,False,0.05,TCG Player,Lore Drakkis,0.0,0.0,0,Ikoria_Lair_of_Behemoths,/spoiler_lists/Ikoria_Lair_of_Behemoths,/sets/Ikoria_Lair_of_Behemoths/Lore_Drakkis
-0.049999997019767005,0.0,Card Kingdom,0.05,Lore_Drakkis_ShowcaseIkoria_Lair_of_BehemothsfalseNM-M,0,0.2,http://s.mtgprice.com/sets/Ikoria_Lair_of_Behemoths/img/Lore Drakkis Showcase.full.jpg,False,0.2,TCG Player,Lore Drakkis (Showcase),-19.999998092651367,0.0,0,Ikoria_Lair_of_Behemoths,/spoiler_lists/Ikoria_Lair_of_Behemoths,/sets/Ikoria_Lair_of_Behemoths/Lore_Drakkis_(Showcase)
0.09999990463256801,-0.07000017166137601,Miniature Market,3.8,"Lukka,_Coppercoat_OutcastIkoria_Lair_of_BehemothsfalseNM-M",0,3.33,"http://s.mtgprice.com/sets/Ikoria_Lair_of_Behemoths/img/Lukka, Coppercoat Outcast.full.jpg",False,2.99,StrikeZone,"Lukka, Coppercoat Outcast",3.095972299575805,-2.058828353881836,0,Ikoria_Lair_of_Behemoths,/spoiler_lists/Ikoria_Lair_of_Behemoths,"/sets/Ikoria_Lair_of_Behemoths/Lukka,_Coppercoat_Outcast"
0.0,0.0,UNDEFINED,0.0,"Lukka,_Coppercoat_Outcast_PromoIkoria_Lair_of_BehemothsfalseNM-M",0,0.0,"http://s.mtgprice.com/sets/Ikoria_Lair_of_Behemoths/img/Lukka, Coppercoat Outcast Promo.full.jpg",False,999999.0,Unknown,"Lukka, Coppercoat Outcast (Promo)",,,0,Ikoria_Lair_of_Behemoths,/spoiler_lists/Ikoria_Lair_of_Behemoths,"/sets/Ikoria_Lair_of_Behemoths/Lukka,_Coppercoat_Outcast_(Promo)"
-0.1899995803833,0.32000064849853505,ABUGames,18.56,Luminous_BroodmothIkoria_Lair_of_BehemothsfalseNM-M,0,8.8,http://s.mtgprice.com/sets/Ikoria_Lair_of_Behemoths/img/Luminous Broodmoth.full.jpg,False,8.8,TCG Player,Luminous Broodmoth,-2.113454818725586,3.773592710494995,0,Ikoria_Lair_of_Behemoths,/spoiler_lists/Ikoria_Lair_of_Behemoths,/sets/Ikoria_Lair_of_Behemoths/Luminous_Broodmoth
-0.069999694824218,1.039999961853027,Card Kingdom,8.5,Luminous_Broodmoth_Extended_ArtIkoria_Lair_of_BehemothsfalseNM-M,0,12.84,http://s.mtgprice.com/sets/Ikoria_Lair_of_Behemoths/img/Luminous Broodmoth Extended Art.full.jpg,False,12.84,TCG Player,Luminous Broodmoth (Extended Art),-0.542212963104248,8.813558578491211,0,Ikoria_Lair_of_Behemoths,/spoiler_lists/Ikoria_Lair_of_Behemoths,/sets/Ikoria_Lair_of_Behemoths/Luminous_Broodmoth_(Extended_Art)
0.0,0.0,Card Kingdom,25.0,Luminous_Broodmoth_PromoIkoria_Lair_of_BehemothsfalseNM-M,0,44.99,http://s.mtgprice.com/sets/Ikoria_Lair_of_Behemoths/img/Luminous Broodmoth Promo.full.jpg,False,44.99,Card Kingdom,Luminous Broodmoth (Promo),0.0,0.0,0,Ikoria_Lair_of_Behemoths,/spoiler_lists/Ikoria_Lair_of_Behemoths,/sets/Ikoria_Lair_of_Behemoths/Luminous_Broodmoth_(Promo)
0.0,0.0,UNDEFINED,0.0,Lurking_DeadeyeIkoria_Lair_of_BehemothsfalseNM-M,0,0.01,http://s.mtgprice.com/sets/Ikoria_Lair_of_Behemoths/img/Lurking Deadeye.full.jpg,False,0.01,TCG Player,Lurking Deadeye,0.0,0.0,0,Ikoria_Lair_of_Behemoths,/spoiler_lists/Ikoria_Lair_of_Behemoths,/sets/Ikoria_Lair_of_Behemoths/Lurking_Deadeye
0.41000008583068803,0.019999980926513002,TCG Player,2.56,Lurrus_of_the_Dream-DenIkoria_Lair_of_BehemothsfalseNM-M,0,4.4,http://s.mtgprice.com/sets/Ikoria_Lair_of_Behemoths/img/Lurrus of the Dream-Den.full.jpg,False,4.4,TCG Player,Lurrus of the Dream-Den,10.275691032409668,0.45662057399749706,0,Ikoria_Lair_of_Behemoths,/spoiler_lists/Ikoria_Lair_of_Behemoths,/sets/Ikoria_Lair_of_Behemoths/Lurrus_of_the_Dream-Den
-0.049999237060546,1.010000228881836,Card Kingdom,6.5,Lurrus_of_the_Dream-Den_Extended_ArtIkoria_Lair_of_BehemothsfalseNM-M,0,8.43,http://s.mtgprice.com/sets/Ikoria_Lair_of_Behemoths/img/Lurrus of the Dream-Den Extended Art.full.jpg,False,8.43,TCG Player,Lurrus of the Dream-Den (Extended Art),-0.589613676071167,13.611862182617188,0,Ikoria_Lair_of_Behemoths,/spoiler_lists/Ikoria_Lair_of_Behemoths,/sets/Ikoria_Lair_of_Behemoths/Lurrus_of_the_Dream-Den_(Extended_Art)
0.030000001192092004,0.0,ABUGames,0.03,"Lutri,_the_SpellchaserIkoria_Lair_of_BehemothsfalseNM-M",0,0.2,"http://s.mtgprice.com/sets/Ikoria_Lair_of_Behemoths/img/Lutri, the Spellchaser.full.jpg",False,0.2,TCG Player,"Lutri, the Spellchaser",17.647058486938477,0.0,0,Ikoria_Lair_of_Behemoths,/spoiler_lists/Ikoria_Lair_of_Behemoths,"/sets/Ikoria_Lair_of_Behemoths/Lutri,_the_Spellchaser"
-0.010000109672546002,0.6899999380111691,Card Kingdom,0.26,"Lutri,_the_Spellchaser_Extended_ArtIkoria_Lair_of_BehemothsfalseNM-M",0,1.43,"http://s.mtgprice.com/sets/Ikoria_Lair_of_Behemoths/img/Lutri, the Spellchaser Extended Art.full.jpg",False,1.29,Card Kingdom,"Lutri, the Spellchaser (Extended Art)",-0.694452047348022,93.24323272705078,0,Ikoria_Lair_of_Behemoths,/spoiler_lists/Ikoria_Lair_of_Behemoths,"/sets/Ikoria_Lair_of_Behemoths/Lutri,_the_Spellchaser_(Extended_Art)"
-0.03999999910593,0.0,ABUGames,0.02,Majestic_AuricornIkoria_Lair_of_BehemothsfalseNM-M,0,0.01,http://s.mtgprice.com/sets/Ikoria_Lair_of_Behemoths/img/Majestic Auricorn.full.jpg,False,0.01,TCG Player,Majestic Auricorn,-79.99999237060547,0.0,0,Ikoria_Lair_of_Behemoths,/spoiler_lists/Ikoria_Lair_of_Behemoths,/sets/Ikoria_Lair_of_Behemoths/Majestic_Auricorn
-0.050000000745058004,0.0,UNDEFINED,0.0,Majestic_Auricorn_ShowcaseIkoria_Lair_of_BehemothsfalseNM-M,0,0.05,http://s.mtgprice.com/sets/Ikoria_Lair_of_Behemoths/img/Majestic Auricorn Showcase.full.jpg,False,0.05,TCG Player,Majestic Auricorn (Showcase),-50.0,0.0,0,Ikoria_Lair_of_Behemoths,/spoiler_lists/Ikoria_Lair_of_Behemoths,/sets/Ikoria_Lair_of_Behemoths/Majestic_Auricorn_(Showcase)
0.0,0.0,UNDEFINED,0.0,Maned_ServalIkoria_Lair_of_BehemothsfalseNM-M,0,0.01,http://s.mtgprice.com/sets/Ikoria_Lair_of_Behemoths/img/Maned Serval.full.jpg,False,0.01,TCG Player,Maned Serval,0.0,0.0,0,Ikoria_Lair_of_Behemoths,/spoiler_lists/Ikoria_Lair_of_Behemoths,/sets/Ikoria_Lair_of_Behemoths/Maned_Serval
-0.019999999552965,0.0,UNDEFINED,0.0,Memory_LeakIkoria_Lair_of_BehemothsfalseNM-M,0,0.01,http://s.mtgprice.com/sets/Ikoria_Lair_of_Behemoths/img/Memory Leak.full.jpg,False,0.01,TCG Player,Memory Leak,-66.66667175292969,0.0,0,Ikoria_Lair_of_Behemoths,/spoiler_lists/Ikoria_Lair_of_Behemoths,/sets/Ikoria_Lair_of_Behemoths/Memory_Leak
-0.40000000596046403,0.0,Miniature Market,0.2,Migration_PathIkoria_Lair_of_BehemothsfalseNM-M,0,0.16,http://s.mtgprice.com/sets/Ikoria_Lair_of_Behemoths/img/Migration Path.full.jpg,False,0.16,TCG Player,Migration Path,-71.42857360839844,0.0,0,Ikoria_Lair_of_Behemoths,/spoiler_lists/Ikoria_Lair_of_Behemoths,/sets/Ikoria_Lair_of_Behemoths/Migration_Path
0.0,0.0,UNDEFINED,0.0,Migration_Path_PromoIkoria_Lair_of_BehemothsfalseNM-M,0,0.0,http://s.mtgprice.com/sets/Ikoria_Lair_of_Behemoths/img/Migration Path Promo.full.jpg,False,999999.0,Unknown,Migration Path (Promo),,,0,Ikoria_Lair_of_Behemoths,/spoiler_lists/Ikoria_Lair_of_Behemoths,/sets/Ikoria_Lair_of_Behemoths/Migration_Path_(Promo)
-0.030000001192092004,0.0,ABUGames,0.02,Migratory_GreathornIkoria_Lair_of_BehemothsfalseNM-M,0,0.02,http://s.mtgprice.com/sets/Ikoria_Lair_of_Behemoths/img/Migratory Greathorn.full.jpg,False,0.02,TCG Player,Migratory Greathorn,-60.000003814697266,0.0,0,Ikoria_Lair_of_Behemoths,/spoiler_lists/Ikoria_Lair_of_Behemoths,/sets/Ikoria_Lair_of_Behemoths/Migratory_Greathorn
-0.070000000298023,0.0,UNDEFINED,0.0,Migratory_Greathorn_ShowcaseIkoria_Lair_of_BehemothsfalseNM-M,0,0.03,http://s.mtgprice.com/sets/Ikoria_Lair_of_Behemoths/img/Migratory Greathorn Showcase.full.jpg,False,0.03,TCG Player,Migratory Greathorn (Showcase),-70.0,0.0,0,Ikoria_Lair_of_Behemoths,/spoiler_lists/Ikoria_Lair_of_Behemoths,/sets/Ikoria_Lair_of_Behemoths/Migratory_Greathorn_(Showcase)
0.0,0.0,UNDEFINED,0.0,Momentum_RumblerIkoria_Lair_of_BehemothsfalseNM-M,0,0.02,http://s.mtgprice.com/sets/Ikoria_Lair_of_Behemoths/img/Momentum Rumbler.full.jpg,False,0.02,TCG Player,Momentum Rumbler,0.0,0.0,0,Ikoria_Lair_of_Behemoths,/spoiler_lists/Ikoria_Lair_of_Behemoths,/sets/Ikoria_Lair_of_Behemoths/Momentum_Rumbler
0.009999999776482001,0.0,UNDEFINED,0.0,Monstrous_StepIkoria_Lair_of_BehemothsfalseNM-M,0,0.02,http://s.mtgprice.com/sets/Ikoria_Lair_of_Behemoths/img/Monstrous Step.full.jpg,False,0.02,TCG Player,Monstrous Step,100.0,0.0,0,Ikoria_Lair_of_Behemoths,/spoiler_lists/Ikoria_Lair_of_Behemoths,/sets/Ikoria_Lair_of_Behemoths/Monstrous_Step
0.0,0.0,UNDEFINED,0.0,Mosscoat_GoriakIkoria_Lair_of_BehemothsfalseNM-M,0,0.01,http://s.mtgprice.com/sets/Ikoria_Lair_of_Behemoths/img/Mosscoat Goriak.full.jpg,False,0.01,TCG Player,Mosscoat Goriak,0.0,0.0,0,Ikoria_Lair_of_Behemoths,/spoiler_lists/Ikoria_Lair_of_Behemoths,/sets/Ikoria_Lair_of_Behemoths/Mosscoat_Goriak
-0.049999997019767005,0.0,ABUGames,0.02,MountainIkoria_Lair_of_BehemothsfalseNM-M,0,0.2,http://s.mtgprice.com/sets/Ikoria_Lair_of_Behemoths/img/Mountain.full.jpg,False,0.15,Card Kingdom,Mountain,-19.999998092651367,0.0,0,Ikoria_Lair_of_Behemoths,/spoiler_lists/Ikoria_Lair_of_Behemoths,/sets/Ikoria_Lair_of_Behemoths/Mountain
0.0,0.0,UNDEFINED,0.0,Mutual_DestructionIkoria_Lair_of_BehemothsfalseNM-M,0,0.01,http://s.mtgprice.com/sets/Ikoria_Lair_of_Behemoths/img/Mutual Destruction.full.jpg,False,0.01,TCG Player,Mutual Destruction,0.0,0.0,0,Ikoria_Lair_of_Behemoths,/spoiler_lists/Ikoria_Lair_of_Behemoths,/sets/Ikoria_Lair_of_Behemoths/Mutual_Destruction
0.0,0.0,UNDEFINED,0.0,Mysterious_EggIkoria_Lair_of_BehemothsfalseNM-M,0,0.05,http://s.mtgprice.com/sets/Ikoria_Lair_of_Behemoths/img/Mysterious Egg.full.jpg,False,0.05,TCG Player,Mysterious Egg,0.0,0.0,0,Ikoria_Lair_of_Behemoths,/spoiler_lists/Ikoria_Lair_of_Behemoths,/sets/Ikoria_Lair_of_Behemoths/Mysterious_Egg
-0.140000015497207,0.0,Card Kingdom,0.05,Mysterious_Egg_PromoIkoria_Lair_of_BehemothsfalseNM-M,0,0.35000000000000003,http://s.mtgprice.com/sets/Ikoria_Lair_of_Behemoths/img/Mysterious Egg Promo.full.jpg,False,0.35,Card Kingdom,Mysterious Egg (Promo),-28.571430206298828,0.0,0,Ikoria_Lair_of_Behemoths,/spoiler_lists/Ikoria_Lair_of_Behemoths,/sets/Ikoria_Lair_of_Behemoths/Mysterious_Egg_(Promo)
0.0,0.0,UNDEFINED,0.0,Mystic_SubdualIkoria_Lair_of_BehemothsfalseNM-M,0,0.04,http://s.mtgprice.com/sets/Ikoria_Lair_of_Behemoths/img/Mystic Subdual.full.jpg,False,0.04,TCG Player,Mystic Subdual,0.0,0.0,0,Ikoria_Lair_of_Behemoths,/spoiler_lists/Ikoria_Lair_of_Behemoths,/sets/Ikoria_Lair_of_Behemoths/Mystic_Subdual
-0.010000005364418,0.039999991655349,Card Kingdom,0.1,Mythos_of_BrokkosIkoria_Lair_of_BehemothsfalseNM-M,0,0.24,http://s.mtgprice.com/sets/Ikoria_Lair_of_Behemoths/img/Mythos of Brokkos.full.jpg,False,0.24,TCG Player,Mythos of Brokkos,-4.000001907348633,19.999996185302734,0,Ikoria_Lair_of_Behemoths,/spoiler_lists/Ikoria_Lair_of_Behemoths,/sets/Ikoria_Lair_of_Behemoths/Mythos_of_Brokkos
-0.8199999928474421,0.019999980926513002,Card Kingdom,0.36,Mythos_of_Brokkos_Extended_ArtIkoria_Lair_of_BehemothsfalseNM-M,0,0.58,http://s.mtgprice.com/sets/Ikoria_Lair_of_Behemoths/img/Mythos of Brokkos Extended Art.full.jpg,False,0.58,TCG Player,Mythos of Brokkos (Extended Art),-58.57142639160156,3.571424961090088,0,Ikoria_Lair_of_Behemoths,/spoiler_lists/Ikoria_Lair_of_Behemoths,/sets/Ikoria_Lair_of_Behemoths/Mythos_of_Brokkos_(Extended_Art)
0.049999997019767005,0.08999998867511701,Card Kingdom,0.1,Mythos_of_IllunaIkoria_Lair_of_BehemothsfalseNM-M,0,0.29,http://s.mtgprice.com/sets/Ikoria_Lair_of_Behemoths/img/Mythos of Illuna.full.jpg,False,0.24,ABUGames,Mythos of Illuna,20.833332061767578,44.99999237060547,0,Ikoria_Lair_of_Behemoths,/spoiler_lists/Ikoria_Lair_of_Behemoths,/sets/Ikoria_Lair_of_Behemoths/Mythos_of_Illuna
-0.5700000524520871,0.0,Card Kingdom,0.3,Mythos_of_Illuna_Extended_ArtIkoria_Lair_of_BehemothsfalseNM-M,0,0.9,http://s.mtgprice.com/sets/Ikoria_Lair_of_Behemoths/img/Mythos of Illuna Extended Art.full.jpg,False,0.9,TCG Player,Mythos of Illuna (Extended Art),-38.7755126953125,0.0,0,Ikoria_Lair_of_Behemoths,/spoiler_lists/Ikoria_Lair_of_Behemoths,/sets/Ikoria_Lair_of_Behemoths/Mythos_of_Illuna_(Extended_Art)
0.129999995231628,0.0,ABUGames,0.84,Mythos_of_NethroiIkoria_Lair_of_BehemothsfalseNM-M,0,0.42,http://s.mtgprice.com/sets/Ikoria_Lair_of_Behemoths/img/Mythos of Nethroi.full.jpg,False,0.42,TCG Player,Mythos of Nethroi,44.82758712768555,0.0,0,Ikoria_Lair_of_Behemoths,/spoiler_lists/Ikoria_Lair_of_Behemoths,/sets/Ikoria_Lair_of_Behemoths/Mythos_of_Nethroi
-0.019999980926513002,-0.019999980926513002,TCG Player,0.59,Mythos_of_Nethroi_Extended_ArtIkoria_Lair_of_BehemothsfalseNM-M,0,1.71,http://s.mtgprice.com/sets/Ikoria_Lair_of_Behemoths/img/Mythos of Nethroi Extended Art.full.jpg,False,1.71,TCG Player,Mythos of Nethroi (Extended Art),-1.156068205833435,-1.156068205833435,0,Ikoria_Lair_of_Behemoths,/spoiler_lists/Ikoria_Lair_of_Behemoths,/sets/Ikoria_Lair_of_Behemoths/Mythos_of_Nethroi_(Extended_Art)
-0.030000001192092004,0.0,Card Kingdom,0.1,Mythos_of_SnapdaxIkoria_Lair_of_BehemothsfalseNM-M,0,0.25,http://s.mtgprice.com/sets/Ikoria_Lair_of_Behemoths/img/Mythos of Snapdax.full.jpg,False,0.25,Card Kingdom,Mythos of Snapdax,-10.714285850524902,0.0,0,Ikoria_Lair_of_Behemoths,/spoiler_lists/Ikoria_Lair_of_Behemoths,/sets/Ikoria_Lair_of_Behemoths/Mythos_of_Snapdax
-0.6100000143051141,0.0,TCG Player,0.21,Mythos_of_Snapdax_Extended_ArtIkoria_Lair_of_BehemothsfalseNM-M,0,1.03,http://s.mtgprice.com/sets/Ikoria_Lair_of_Behemoths/img/Mythos of Snapdax Extended Art.full.jpg,False,0.99,Card Kingdom,Mythos of Snapdax (Extended Art),-37.19512176513672,0.0,0,Ikoria_Lair_of_Behemoths,/spoiler_lists/Ikoria_Lair_of_Behemoths,/sets/Ikoria_Lair_of_Behemoths/Mythos_of_Snapdax_(Extended_Art)
0.010000005364418,0.0,ABUGames,0.03,Mythos_of_VadrokIkoria_Lair_of_BehemothsfalseNM-M,0,0.09,http://s.mtgprice.com/sets/Ikoria_Lair_of_Behemoths/img/Mythos of Vadrok.full.jpg,False,0.09,TCG Player,Mythos of Vadrok,12.500007629394531,0.0,0,Ikoria_Lair_of_Behemoths,/spoiler_lists/Ikoria_Lair_of_Behemoths,/sets/Ikoria_Lair_of_Behemoths/Mythos_of_Vadrok
0.039999961853027004,0.0,Card Kingdom,0.1,Mythos_of_Vadrok_Extended_ArtIkoria_Lair_of_BehemothsfalseNM-M,0,1.12,http://s.mtgprice.com/sets/Ikoria_Lair_of_Behemoths/img/Mythos of Vadrok Extended Art.full.jpg,False,0.35,Card Kingdom,Mythos of Vadrok (Extended Art),3.703700065612793,0.0,0,Ikoria_Lair_of_Behemoths,/spoiler_lists/Ikoria_Lair_of_Behemoths,/sets/Ikoria_Lair_of_Behemoths/Mythos_of_Vadrok_(Extended_Art)
0.0,0.020000219345092003,Miniature Market,2.4,Narset_of_the_Ancient_WayIkoria_Lair_of_BehemothsfalseNM-M,0,2.89,http://s.mtgprice.com/sets/Ikoria_Lair_of_Behemoths/img/Narset of the Ancient Way.full.jpg,False,2.89,TCG Player,Narset of the Ancient Way,0.0,0.6968718171119691,0,Ikoria_Lair_of_Behemoths,/spoiler_lists/Ikoria_Lair_of_Behemoths,/sets/Ikoria_Lair_of_Behemoths/Narset_of_the_Ancient_Way
0.0,0.0,UNDEFINED,0.0,Narset_of_the_Ancient_Way_PromoIkoria_Lair_of_BehemothsfalseNM-M,0,0.0,http://s.mtgprice.com/sets/Ikoria_Lair_of_Behemoths/img/Narset of the Ancient Way Promo.full.jpg,False,999999.0,Unknown,Narset of the Ancient Way (Promo),,,0,Ikoria_Lair_of_Behemoths,/spoiler_lists/Ikoria_Lair_of_Behemoths,/sets/Ikoria_Lair_of_Behemoths/Narset_of_the_Ancient_Way_(Promo)
0.0,0.0,UNDEFINED,0.0,NecropantherIkoria_Lair_of_BehemothsfalseNM-M,0,0.05,http://s.mtgprice.com/sets/Ikoria_Lair_of_Behemoths/img/Necropanther.full.jpg,False,0.05,TCG Player,Necropanther,0.0,0.0,0,Ikoria_Lair_of_Behemoths,/spoiler_lists/Ikoria_Lair_of_Behemoths,/sets/Ikoria_Lair_of_Behemoths/Necropanther
0.019999995827674002,0.0,UNDEFINED,0.0,Necropanther_ShowcaseIkoria_Lair_of_BehemothsfalseNM-M,0,0.22,http://s.mtgprice.com/sets/Ikoria_Lair_of_Behemoths/img/Necropanther Showcase.full.jpg,False,0.22,TCG Player,Necropanther (Showcase),9.999998092651367,0.0,0,Ikoria_Lair_of_Behemoths,/spoiler_lists/Ikoria_Lair_of_Behemoths,/sets/Ikoria_Lair_of_Behemoths/Necropanther_(Showcase)
0.160000085830688,0.21000003814697202,Miniature Market,3.0,"Nethroi,_Apex_of_DeathIkoria_Lair_of_BehemothsfalseNM-M",0,3.44,"http://s.mtgprice.com/sets/Ikoria_Lair_of_Behemoths/img/Nethroi, Apex of Death.full.jpg",False,3.44,TCG Player,"Nethroi, Apex of Death",4.8780517578125,6.50154972076416,0,Ikoria_Lair_of_Behemoths,/spoiler_lists/Ikoria_Lair_of_Behemoths,"/sets/Ikoria_Lair_of_Behemoths/Nethroi,_Apex_of_Death"
0.0,0.0,Card Kingdom,14.0,"Nethroi,_Apex_of_Death_PromoIkoria_Lair_of_BehemothsfalseNM-M",0,27.99,"http://s.mtgprice.com/sets/Ikoria_Lair_of_Behemoths/img/Nethroi, Apex of Death Promo.full.jpg",False,27.99,Card Kingdom,"Nethroi, Apex of Death (Promo)",0.0,0.0,0,Ikoria_Lair_of_Behemoths,/spoiler_lists/Ikoria_Lair_of_Behemoths,"/sets/Ikoria_Lair_of_Behemoths/Nethroi,_Apex_of_Death_(Promo)"
-0.339999914169311,-0.009999990463256002,TCG Player,2.03,"Nethroi,_Apex_of_Death_ShowcaseIkoria_Lair_of_BehemothsfalseNM-M",0,3.89,"http://s.mtgprice.com/sets/Ikoria_Lair_of_Behemoths/img/Nethroi, Apex of Death Showcase.full.jpg",False,3.89,TCG Player,"Nethroi, Apex of Death (Showcase)",-8.037822723388672,-0.256410002708435,0,Ikoria_Lair_of_Behemoths,/spoiler_lists/Ikoria_Lair_of_Behemoths,"/sets/Ikoria_Lair_of_Behemoths/Nethroi,_Apex_of_Death_(Showcase)"
-0.10999999940395301,0.0,StrikeZone,0.1,NeutralizeIkoria_Lair_of_BehemothsfalseNM-M,0,0.14,http://s.mtgprice.com/sets/Ikoria_Lair_of_Behemoths/img/Neutralize.full.jpg,False,0.14,TCG Player,Neutralize,-44.0,0.0,0,Ikoria_Lair_of_Behemoths,/spoiler_lists/Ikoria_Lair_of_Behemoths,/sets/Ikoria_Lair_of_Behemoths/Neutralize
0.0,0.0,UNDEFINED,0.0,Nightsquad_CommandoIkoria_Lair_of_BehemothsfalseNM-M,0,0.01,http://s.mtgprice.com/sets/Ikoria_Lair_of_Behemoths/img/Nightsquad Commando.full.jpg,False,0.01,TCG Player,Nightsquad Commando,0.0,0.0,0,Ikoria_Lair_of_Behemoths,/spoiler_lists/Ikoria_Lair_of_Behemoths,/sets/Ikoria_Lair_of_Behemoths/Nightsquad_Commando
0.0,0.0,Card Kingdom,0.1,"Obosh,_the_PreypiercerIkoria_Lair_of_BehemothsfalseNM-M",0,0.25,"http://s.mtgprice.com/sets/Ikoria_Lair_of_Behemoths/img/Obosh, the Preypiercer.full.jpg",False,0.25,TCG Player,"Obosh, the Preypiercer",0.0,0.0,0,Ikoria_Lair_of_Behemoths,/spoiler_lists/Ikoria_Lair_of_Behemoths,"/sets/Ikoria_Lair_of_Behemoths/Obosh,_the_Preypiercer"
0.0,0.559999942779541,Card Kingdom,0.53,"Obosh,_the_Preypiercer_Extended_ArtIkoria_Lair_of_BehemothsfalseNM-M",0,1.42,"http://s.mtgprice.com/sets/Ikoria_Lair_of_Behemoths/img/Obosh, the Preypiercer Extended Art.full.jpg",False,1.42,TCG Player,"Obosh, the Preypiercer (Extended Art)",0.0,65.11627197265625,0,Ikoria_Lair_of_Behemoths,/spoiler_lists/Ikoria_Lair_of_Behemoths,"/sets/Ikoria_Lair_of_Behemoths/Obosh,_the_Preypiercer_(Extended_Art)"
0.0,0.0,UNDEFINED,0.0,Of_One_MindIkoria_Lair_of_BehemothsfalseNM-M,0,0.05,http://s.mtgprice.com/sets/Ikoria_Lair_of_Behemoths/img/Of One Mind.full.jpg,False,0.05,TCG Player,Of One Mind,0.0,0.0,0,Ikoria_Lair_of_Behemoths,/spoiler_lists/Ikoria_Lair_of_Behemoths,/sets/Ikoria_Lair_of_Behemoths/Of_One_Mind
0.0,0.0,Card Kingdom,0.1,Offspring's_RevengeIkoria_Lair_of_BehemothsfalseNM-M,0,0.1,http://s.mtgprice.com/sets/Ikoria_Lair_of_Behemoths/img/Offspring's Revenge.full.jpg,False,0.1,TCG Player,Offspring's Revenge,0.0,0.0,0,Ikoria_Lair_of_Behemoths,/spoiler_lists/Ikoria_Lair_of_Behemoths,/sets/Ikoria_Lair_of_Behemoths/Offspring's_Revenge
-0.02999997138977,0.0,Card Kingdom,0.1,Offspring's_Revenge_Extended_ArtIkoria_Lair_of_BehemothsfalseNM-M,0,1.0,http://s.mtgprice.com/sets/Ikoria_Lair_of_Behemoths/img/Offspring's Revenge Extended Art.full.jpg,False,0.39,Card Kingdom,Offspring's Revenge (Extended Art),-2.912618637084961,0.0,0,Ikoria_Lair_of_Behemoths,/spoiler_lists/Ikoria_Lair_of_Behemoths,/sets/Ikoria_Lair_of_Behemoths/Offspring's_Revenge_(Extended_Art)
0.0,0.0,Card Kingdom,0.15,Ominous_SeasIkoria_Lair_of_BehemothsfalseNM-M,0,0.25,http://s.mtgprice.com/sets/Ikoria_Lair_of_Behemoths/img/Ominous Seas.full.jpg,False,0.25,ABUGames,Ominous Seas,0.0,0.0,0,Ikoria_Lair_of_Behemoths,/spoiler_lists/Ikoria_Lair_of_Behemoths,/sets/Ikoria_Lair_of_Behemoths/Ominous_Seas
0.0,0.0,UNDEFINED,0.0,PacifismIkoria_Lair_of_BehemothsfalseNM-M,0,0.02,http://s.mtgprice.com/sets/Ikoria_Lair_of_Behemoths/img/Pacifism.full.jpg,False,0.02,TCG Player,Pacifism,0.0,0.0,0,Ikoria_Lair_of_Behemoths,/spoiler_lists/Ikoria_Lair_of_Behemoths,/sets/Ikoria_Lair_of_Behemoths/Pacifism
-0.090000003576278,0.0,Miniature Market,0.1,ParcelbeastIkoria_Lair_of_BehemothsfalseNM-M,0,0.16,http://s.mtgprice.com/sets/Ikoria_Lair_of_Behemoths/img/Parcelbeast.full.jpg,False,0.16,TCG Player,Parcelbeast,-36.0,0.0,0,Ikoria_Lair_of_Behemoths,/spoiler_lists/Ikoria_Lair_of_Behemoths,/sets/Ikoria_Lair_of_Behemoths/Parcelbeast
-0.7299999594688411,0.0,Card Kingdom,0.2,Parcelbeast_ShowcaseIkoria_Lair_of_BehemothsfalseNM-M,0,0.30000000000000004,http://s.mtgprice.com/sets/Ikoria_Lair_of_Behemoths/img/Parcelbeast Showcase.full.jpg,False,0.3,TCG Player,Parcelbeast (Showcase),-70.87378692626953,0.0,0,Ikoria_Lair_of_Behemoths,/spoiler_lists/Ikoria_Lair_of_Behemoths,/sets/Ikoria_Lair_of_Behemoths/Parcelbeast_(Showcase)
0.0,0.0,UNDEFINED,0.0,Patagia_TigerIkoria_Lair_of_BehemothsfalseNM-M,0,0.01,http://s.mtgprice.com/sets/Ikoria_Lair_of_Behemoths/img/Patagia Tiger.full.jpg,False,0.01,TCG Player,Patagia Tiger,0.0,0.0,0,Ikoria_Lair_of_Behemoths,/spoiler_lists/Ikoria_Lair_of_Behemoths,/sets/Ikoria_Lair_of_Behemoths/Patagia_Tiger
0.0,0.0,UNDEFINED,0.0,Perimeter_SergeantIkoria_Lair_of_BehemothsfalseNM-M,0,0.01,http://s.mtgprice.com/sets/Ikoria_Lair_of_Behemoths/img/Perimeter Sergeant.full.jpg,False,0.01,TCG Player,Perimeter Sergeant,0.0,0.0,0,Ikoria_Lair_of_Behemoths,/spoiler_lists/Ikoria_Lair_of_Behemoths,/sets/Ikoria_Lair_of_Behemoths/Perimeter_Sergeant
0.0,0.0,UNDEFINED,0.0,Phase_DolphinIkoria_Lair_of_BehemothsfalseNM-M,0,0.02,http://s.mtgprice.com/sets/Ikoria_Lair_of_Behemoths/img/Phase Dolphin.full.jpg,False,0.02,TCG Player,Phase Dolphin,0.0,0.0,0,Ikoria_Lair_of_Behemoths,/spoiler_lists/Ikoria_Lair_of_Behemoths,/sets/Ikoria_Lair_of_Behemoths/Phase_Dolphin
-0.009999997913837001,0.0,ABUGames,0.02,PlainsIkoria_Lair_of_BehemothsfalseNM-M,0,0.1,http://s.mtgprice.com/sets/Ikoria_Lair_of_Behemoths/img/Plains.full.jpg,False,0.1,TCG Player,Plains,-9.090907096862793,0.0,0,Ikoria_Lair_of_Behemoths,/spoiler_lists/Ikoria_Lair_of_Behemoths,/sets/Ikoria_Lair_of_Behemoths/Plains
0.0,0.0,UNDEFINED,0.0,PlummetIkoria_Lair_of_BehemothsfalseNM-M,0,0.01,http://s.mtgprice.com/sets/Ikoria_Lair_of_Behemoths/img/Plummet.full.jpg,False,0.01,TCG Player,Plummet,0.0,0.0,0,Ikoria_Lair_of_Behemoths,/spoiler_lists/Ikoria_Lair_of_Behemoths,/sets/Ikoria_Lair_of_Behemoths/Plummet
-0.050000004470348004,0.0,ABUGames,0.38,Pollywog_SymbioteIkoria_Lair_of_BehemothsfalseNM-M,0,0.1,http://s.mtgprice.com/sets/Ikoria_Lair_of_Behemoths/img/Pollywog Symbiote.full.jpg,False,0.1,TCG Player,Pollywog Symbiote,-33.333335876464844,0.0,0,Ikoria_Lair_of_Behemoths,/spoiler_lists/Ikoria_Lair_of_Behemoths,/sets/Ikoria_Lair_of_Behemoths/Pollywog_Symbiote
-0.20000004768371502,0.0,Card Kingdom,0.85,Pollywog_Symbiote_PromoIkoria_Lair_of_BehemothsfalseNM-M,0,2.79,http://s.mtgprice.com/sets/Ikoria_Lair_of_Behemoths/img/Pollywog Symbiote Promo.full.jpg,False,2.79,Card Kingdom,Pollywog Symbiote (Promo),-6.688965320587158,0.0,0,Ikoria_Lair_of_Behemoths,/spoiler_lists/Ikoria_Lair_of_Behemoths,/sets/Ikoria_Lair_of_Behemoths/Pollywog_Symbiote_(Promo)
0.029999999329447004,0.0,UNDEFINED,0.0,PorcuparrotIkoria_Lair_of_BehemothsfalseNM-M,0,0.04,http://s.mtgprice.com/sets/Ikoria_Lair_of_Behemoths/img/Porcuparrot.full.jpg,False,0.04,TCG Player,Porcuparrot,300.0,0.0,0,Ikoria_Lair_of_Behemoths,/spoiler_lists/Ikoria_Lair_of_Behemoths,/sets/Ikoria_Lair_of_Behemoths/Porcuparrot
-0.049999997019767005,0.0,UNDEFINED,0.0,Porcuparrot_ShowcaseIkoria_Lair_of_BehemothsfalseNM-M,0,0.09,http://s.mtgprice.com/sets/Ikoria_Lair_of_Behemoths/img/Porcuparrot Showcase.full.jpg,False,0.09,TCG Player,Porcuparrot (Showcase),-35.71428298950195,0.0,0,Ikoria_Lair_of_Behemoths,/spoiler_lists/Ikoria_Lair_of_Behemoths,/sets/Ikoria_Lair_of_Behemoths/Porcuparrot_(Showcase)
0.0,0.0,ABUGames,0.03,Pouncing_ShoresharkIkoria_Lair_of_BehemothsfalseNM-M,0,0.06,http://s.mtgprice.com/sets/Ikoria_Lair_of_Behemoths/img/Pouncing Shoreshark.full.jpg,False,0.06,TCG Player,Pouncing Shoreshark,0.0,0.0,0,Ikoria_Lair_of_Behemoths,/spoiler_lists/Ikoria_Lair_of_Behemoths,/sets/Ikoria_Lair_of_Behemoths/Pouncing_Shoreshark
-0.09999999403953501,0.0,Card Kingdom,0.05,Pouncing_Shoreshark_ShowcaseIkoria_Lair_of_BehemothsfalseNM-M,0,0.15,http://s.mtgprice.com/sets/Ikoria_Lair_of_Behemoths/img/Pouncing Shoreshark Showcase.full.jpg,False,0.15,TCG Player,Pouncing Shoreshark (Showcase),-39.999996185302734,0.0,0,Ikoria_Lair_of_Behemoths,/spoiler_lists/Ikoria_Lair_of_Behemoths,/sets/Ikoria_Lair_of_Behemoths/Pouncing_Shoreshark_(Showcase)
0.0,0.0,UNDEFINED,0.0,Prickly_MarmosetIkoria_Lair_of_BehemothsfalseNM-M,0,0.01,http://s.mtgprice.com/sets/Ikoria_Lair_of_Behemoths/img/Prickly Marmoset.full.jpg,False,0.01,TCG Player,Prickly Marmoset,0.0,0.0,0,Ikoria_Lair_of_Behemoths,/spoiler_lists/Ikoria_Lair_of_Behemoths,/sets/Ikoria_Lair_of_Behemoths/Prickly_Marmoset
0.0,0.0,UNDEFINED,0.0,Primal_EmpathyIkoria_Lair_of_BehemothsfalseNM-M,0,0.08,http://s.mtgprice.com/sets/Ikoria_Lair_of_Behemoths/img/Primal Empathy.full.jpg,False,0.08,TCG Player,Primal Empathy,0.0,0.0,0,Ikoria_Lair_of_Behemoths,/spoiler_lists/Ikoria_Lair_of_Behemoths,/sets/Ikoria_Lair_of_Behemoths/Primal_Empathy
0.0,0.0,UNDEFINED,0.0,Proud_WildbonderIkoria_Lair_of_BehemothsfalseNM-M,0,0.06,http://s.mtgprice.com/sets/Ikoria_Lair_of_Behemoths/img/Proud Wildbonder.full.jpg,False,0.06,TCG Player,Proud Wildbonder,0.0,0.0,0,Ikoria_Lair_of_Behemoths,/spoiler_lists/Ikoria_Lair_of_Behemoths,/sets/Ikoria_Lair_of_Behemoths/Proud_Wildbonder
0.009999999776482001,0.0,UNDEFINED,0.0,PyroceratopsIkoria_Lair_of_BehemothsfalseNM-M,0,0.02,http://s.mtgprice.com/sets/Ikoria_Lair_of_Behemoths/img/Pyroceratops.full.jpg,False,0.02,TCG Player,Pyroceratops,100.0,0.0,0,Ikoria_Lair_of_Behemoths,/spoiler_lists/Ikoria_Lair_of_Behemoths,/sets/Ikoria_Lair_of_Behemoths/Pyroceratops
0.02999997138977,-0.030000030994415002,Miniature Market,0.4,Quartzwood_CrasherIkoria_Lair_of_BehemothsfalseNM-M,0,0.52,http://s.mtgprice.com/sets/Ikoria_Lair_of_Behemoths/img/Quartzwood Crasher.full.jpg,False,0.45,ChannelFireball,Quartzwood Crasher,6.122443199157715,-5.454551219940185,0,Ikoria_Lair_of_Behemoths,/spoiler_lists/Ikoria_Lair_of_Behemoths,/sets/Ikoria_Lair_of_Behemoths/Quartzwood_Crasher
-0.22000002861022902,0.0,Card Kingdom,1.35,Quartzwood_Crasher_Extended_ArtIkoria_Lair_of_BehemothsfalseNM-M,0,1.63,http://s.mtgprice.com/sets/Ikoria_Lair_of_Behemoths/img/Quartzwood Crasher Extended Art.full.jpg,False,1.63,TCG Player,Quartzwood Crasher (Extended Art),-11.89189338684082,0.0,0,Ikoria_Lair_of_Behemoths,/spoiler_lists/Ikoria_Lair_of_Behemoths,/sets/Ikoria_Lair_of_Behemoths/Quartzwood_Crasher_(Extended_Art)
-0.019999999552965,0.0,UNDEFINED,0.0,Raking_ClawsIkoria_Lair_of_BehemothsfalseNM-M,0,0.02,http://s.mtgprice.com/sets/Ikoria_Lair_of_Behemoths/img/Raking Claws.full.jpg,False,0.02,TCG Player,Raking Claws,-50.0,0.0,0,Ikoria_Lair_of_Behemoths,/spoiler_lists/Ikoria_Lair_of_Behemoths,/sets/Ikoria_Lair_of_Behemoths/Raking_Claws
0.009999997913837001,0.0,Miniature Market,0.08,Ram_ThroughIkoria_Lair_of_BehemothsfalseNM-M,0,0.11,http://s.mtgprice.com/sets/Ikoria_Lair_of_Behemoths/img/Ram Through.full.jpg,False,0.11,TCG Player,Ram Through,9.999998092651367,0.0,0,Ikoria_Lair_of_Behemoths,/spoiler_lists/Ikoria_Lair_of_Behemoths,/sets/Ikoria_Lair_of_Behemoths/Ram_Through
-0.029999997466802004,0.0,UNDEFINED,0.0,Raugrin_CrystalIkoria_Lair_of_BehemothsfalseNM-M,0,0.05,http://s.mtgprice.com/sets/Ikoria_Lair_of_Behemoths/img/Raugrin Crystal.full.jpg,False,0.05,TCG Player,Raugrin Crystal,-37.499996185302734,0.0,0,Ikoria_Lair_of_Behemoths,/spoiler_lists/Ikoria_Lair_of_Behemoths,/sets/Ikoria_Lair_of_Behemoths/Raugrin_Crystal
0.009999752044677,0.09999990463256801,Miniature Market,5.5,Raugrin_TriomeIkoria_Lair_of_BehemothsfalseNM-M,0,4.99,http://s.mtgprice.com/sets/Ikoria_Lair_of_Behemoths/img/Raugrin Triome.full.jpg,False,4.99,TCG Player,Raugrin Triome,0.20079822838306402,2.044987916946411,0,Ikoria_Lair_of_Behemoths,/spoiler_lists/Ikoria_Lair_of_Behemoths,/sets/Ikoria_Lair_of_Behemoths/Raugrin_Triome
-1.329999923706054,0.44000005722045904,TCG Player,5.69,Raugrin_Triome_ShowcaseIkoria_Lair_of_BehemothsfalseNM-M,0,5.65,http://s.mtgprice.com/sets/Ikoria_Lair_of_Behemoths/img/Raugrin Triome Showcase.full.jpg,False,5.65,TCG Player,Raugrin Triome (Showcase),-19.054439544677734,8.44529914855957,0,Ikoria_Lair_of_Behemoths,/spoiler_lists/Ikoria_Lair_of_Behemoths,/sets/Ikoria_Lair_of_Behemoths/Raugrin_Triome_(Showcase)
-0.150000005960464,0.0,Card Kingdom,0.05,Reconnaissance_MissionIkoria_Lair_of_BehemothsfalseNM-M,0,0.15,http://s.mtgprice.com/sets/Ikoria_Lair_of_Behemoths/img/Reconnaissance Mission.full.jpg,False,0.15,TCG Player,Reconnaissance Mission,-50.0,0.0,0,Ikoria_Lair_of_Behemoths,/spoiler_lists/Ikoria_Lair_of_Behemoths,/sets/Ikoria_Lair_of_Behemoths/Reconnaissance_Mission
0.0,0.0,ABUGames,0.02,Regal_LeosaurIkoria_Lair_of_BehemothsfalseNM-M,0,0.05,http://s.mtgprice.com/sets/Ikoria_Lair_of_Behemoths/img/Regal Leosaur.full.jpg,False,0.05,TCG Player,Regal Leosaur,0.0,0.0,0,Ikoria_Lair_of_Behemoths,/spoiler_lists/Ikoria_Lair_of_Behemoths,/sets/Ikoria_Lair_of_Behemoths/Regal_Leosaur
-0.03999999910593,0.0,UNDEFINED,0.0,Regal_Leosaur_ShowcaseIkoria_Lair_of_BehemothsfalseNM-M,0,0.1,http://s.mtgprice.com/sets/Ikoria_Lair_of_Behemoths/img/Regal Leosaur Showcase.full.jpg,False,0.1,TCG Player,Regal Leosaur (Showcase),-28.571426391601562,0.0,0,Ikoria_Lair_of_Behemoths,/spoiler_lists/Ikoria_Lair_of_Behemoths,/sets/Ikoria_Lair_of_Behemoths/Regal_Leosaur_(Showcase)
-0.029999999329447004,0.0,UNDEFINED,0.0,Reptilian_ReflectionIkoria_Lair_of_BehemothsfalseNM-M,0,0.01,http://s.mtgprice.com/sets/Ikoria_Lair_of_Behemoths/img/Reptilian Reflection.full.jpg,False,0.01,TCG Player,Reptilian Reflection,-75.0,0.0,0,Ikoria_Lair_of_Behemoths,/spoiler_lists/Ikoria_Lair_of_Behemoths,/sets/Ikoria_Lair_of_Behemoths/Reptilian_Reflection
0.150000095367431,0.0,Miniature Market,3.0,"Rielle,_the_EverwiseIkoria_Lair_of_BehemothsfalseNM-M",0,3.48,"http://s.mtgprice.com/sets/Ikoria_Lair_of_Behemoths/img/Rielle, the Everwise.full.jpg",False,3.48,TCG Player,"Rielle, the Everwise",4.504507541656494,0.0,0,Ikoria_Lair_of_Behemoths,/spoiler_lists/Ikoria_Lair_of_Behemoths,"/sets/Ikoria_Lair_of_Behemoths/Rielle,_the_Everwise"
-0.07000017166137601,-0.030000209808349002,Card Kingdom,4.3,"Rielle,_the_Everwise_Extended_ArtIkoria_Lair_of_BehemothsfalseNM-M",0,6.72,"http://s.mtgprice.com/sets/Ikoria_Lair_of_Behemoths/img/Rielle, the Everwise Extended Art.full.jpg",False,6.72,TCG Player,"Rielle, the Everwise (Extended Art)",-1.030930399894714,-0.44444757699966403,0,Ikoria_Lair_of_Behemoths,/spoiler_lists/Ikoria_Lair_of_Behemoths,"/sets/Ikoria_Lair_of_Behemoths/Rielle,_the_Everwise_(Extended_Art)"
0.0,0.0,UNDEFINED,0.0,Rooting_MolochIkoria_Lair_of_BehemothsfalseNM-M,0,0.01,http://s.mtgprice.com/sets/Ikoria_Lair_of_Behemoths/img/Rooting Moloch.full.jpg,False,0.01,TCG Player,Rooting Moloch,0.0,0.0,0,Ikoria_Lair_of_Behemoths,/spoiler_lists/Ikoria_Lair_of_Behemoths,/sets/Ikoria_Lair_of_Behemoths/Rooting_Moloch
0.0,0.0,UNDEFINED,0.0,Rugged_HighlandsIkoria_Lair_of_BehemothsfalseNM-M,0,0.03,http://s.mtgprice.com/sets/Ikoria_Lair_of_Behemoths/img/Rugged Highlands.full.jpg,False,0.03,TCG Player,Rugged Highlands,0.0,0.0,0,Ikoria_Lair_of_Behemoths,/spoiler_lists/Ikoria_Lair_of_Behemoths,/sets/Ikoria_Lair_of_Behemoths/Rugged_Highlands
-0.20999991893768302,0.0,StrikeZone,1.5,Ruinous_UltimatumIkoria_Lair_of_BehemothsfalseNM-M,0,1.88,http://s.mtgprice.com/sets/Ikoria_Lair_of_Behemoths/img/Ruinous Ultimatum.full.jpg,False,1.79,ChannelFireball,Ruinous Ultimatum,-10.047842979431152,0.0,0,Ikoria_Lair_of_Behemoths,/spoiler_lists/Ikoria_Lair_of_Behemoths,/sets/Ikoria_Lair_of_Behemoths/Ruinous_Ultimatum
-0.46999979019165006,0.280000209808349,TCG Player,3.0,Ruinous_Ultimatum_Extended_ArtIkoria_Lair_of_BehemothsfalseNM-M,0,4.03,http://s.mtgprice.com/sets/Ikoria_Lair_of_Behemoths/img/Ruinous Ultimatum Extended Art.full.jpg,False,4.03,TCG Player,Ruinous Ultimatum (Extended Art),-10.444439888000488,7.466672420501709,0,Ikoria_Lair_of_Behemoths,/spoiler_lists/Ikoria_Lair_of_Behemoths,/sets/Ikoria_Lair_of_Behemoths/Ruinous_Ultimatum_(Extended_Art)
0.009999999776482001,0.0,UNDEFINED,0.0,Rumbling_RockslideIkoria_Lair_of_BehemothsfalseNM-M,0,0.02,http://s.mtgprice.com/sets/Ikoria_Lair_of_Behemoths/img/Rumbling Rockslide.full.jpg,False,0.02,TCG Player,Rumbling Rockslide,100.0,0.0,0,Ikoria_Lair_of_Behemoths,/spoiler_lists/Ikoria_Lair_of_Behemoths,/sets/Ikoria_Lair_of_Behemoths/Rumbling_Rockslide
0.0,0.0,UNDEFINED,0.0,Sanctuary_LockdownIkoria_Lair_of_BehemothsfalseNM-M,0,0.01,http://s.mtgprice.com/sets/Ikoria_Lair_of_Behemoths/img/Sanctuary Lockdown.full.jpg,False,0.01,TCG Player,Sanctuary Lockdown,0.0,0.0,0,Ikoria_Lair_of_Behemoths,/spoiler_lists/Ikoria_Lair_of_Behemoths,/sets/Ikoria_Lair_of_Behemoths/Sanctuary_Lockdown
0.0,0.0,UNDEFINED,0.0,Sanctuary_SmasherIkoria_Lair_of_BehemothsfalseNM-M,0,0.05,http://s.mtgprice.com/sets/Ikoria_Lair_of_Behemoths/img/Sanctuary Smasher.full.jpg,False,0.05,TCG Player,Sanctuary Smasher,0.0,0.0,0,Ikoria_Lair_of_Behemoths,/spoiler_lists/Ikoria_Lair_of_Behemoths,/sets/Ikoria_Lair_of_Behemoths/Sanctuary_Smasher
0.0,0.0,UNDEFINED,0.0,Savai_CrystalIkoria_Lair_of_BehemothsfalseNM-M,0,0.1,http://s.mtgprice.com/sets/Ikoria_Lair_of_Behemoths/img/Savai Crystal.full.jpg,False,0.1,TCG Player,Savai Crystal,0.0,0.0,0,Ikoria_Lair_of_Behemoths,/spoiler_lists/Ikoria_Lair_of_Behemoths,/sets/Ikoria_Lair_of_Behemoths/Savai_Crystal
0.0,0.0,UNDEFINED,0.0,Savai_SabertoothIkoria_Lair_of_BehemothsfalseNM-M,0,0.01,http://s.mtgprice.com/sets/Ikoria_Lair_of_Behemoths/img/Savai Sabertooth.full.jpg,False,0.01,TCG Player,Savai Sabertooth,0.0,0.0,0,Ikoria_Lair_of_Behemoths,/spoiler_lists/Ikoria_Lair_of_Behemoths,/sets/Ikoria_Lair_of_Behemoths/Savai_Sabertooth
0.009999999776482001,0.0,UNDEFINED,0.0,Savai_ThundermaneIkoria_Lair_of_BehemothsfalseNM-M,0,0.02,http://s.mtgprice.com/sets/Ikoria_Lair_of_Behemoths/img/Savai Thundermane.full.jpg,False,0.02,TCG Player,Savai Thundermane,100.0,0.0,0,Ikoria_Lair_of_Behemoths,/spoiler_lists/Ikoria_Lair_of_Behemoths,/sets/Ikoria_Lair_of_Behemoths/Savai_Thundermane
-0.089999675750732,0.09000015258789,Miniature Market,4.5,Savai_TriomeIkoria_Lair_of_BehemothsfalseNM-M,0,4.88,http://s.mtgprice.com/sets/Ikoria_Lair_of_Behemoths/img/Savai Triome.full.jpg,False,4.88,TCG Player,Savai Triome,-1.810858726501464,1.878917574882507,0,Ikoria_Lair_of_Behemoths,/spoiler_lists/Ikoria_Lair_of_Behemoths,/sets/Ikoria_Lair_of_Behemoths/Savai_Triome
-0.949999809265136,-0.679999828338623,TCG Player,4.16,Savai_Triome_ShowcaseIkoria_Lair_of_BehemothsfalseNM-M,0,5.29,http://s.mtgprice.com/sets/Ikoria_Lair_of_Behemoths/img/Savai Triome Showcase.full.jpg,False,5.29,TCG Player,Savai Triome (Showcase),-15.224356651306152,-11.39028263092041,0,Ikoria_Lair_of_Behemoths,/spoiler_lists/Ikoria_Lair_of_Behemoths,/sets/Ikoria_Lair_of_Behemoths/Savai_Triome_(Showcase)
0.0,0.0,Miniature Market,0.05,Scoured_BarrensIkoria_Lair_of_BehemothsfalseNM-M,0,0.05,http://s.mtgprice.com/sets/Ikoria_Lair_of_Behemoths/img/Scoured Barrens.full.jpg,False,0.05,TCG Player,Scoured Barrens,0.0,0.0,0,Ikoria_Lair_of_Behemoths,/spoiler_lists/Ikoria_Lair_of_Behemoths,/sets/Ikoria_Lair_of_Behemoths/Scoured_Barrens
-0.12000000476837101,0.0,Miniature Market,1.0,Sea-Dasher_OctopusIkoria_Lair_of_BehemothsfalseNM-M,0,1.24,http://s.mtgprice.com/sets/Ikoria_Lair_of_Behemoths/img/Sea-Dasher Octopus.full.jpg,False,1.24,TCG Player,Sea-Dasher Octopus,-8.823529243469238,0.0,0,Ikoria_Lair_of_Behemoths,/spoiler_lists/Ikoria_Lair_of_Behemoths,/sets/Ikoria_Lair_of_Behemoths/Sea-Dasher_Octopus
0.180000066757202,0.21000003814697202,Card Kingdom,0.85,Sea-Dasher_Octopus_ShowcaseIkoria_Lair_of_BehemothsfalseNM-M,0,1.49,http://s.mtgprice.com/sets/Ikoria_Lair_of_Behemoths/img/Sea-Dasher Octopus Showcase.full.jpg,False,1.49,TCG Player,Sea-Dasher Octopus (Showcase),13.740463256835938,16.406253814697266,0,Ikoria_Lair_of_Behemoths,/spoiler_lists/Ikoria_Lair_of_Behemoths,/sets/Ikoria_Lair_of_Behemoths/Sea-Dasher_Octopus_(Showcase)
-0.04000000283122,0.0,Miniature Market,0.05,Serrated_ScorpionIkoria_Lair_of_BehemothsfalseNM-M,0,0.06,http://s.mtgprice.com/sets/Ikoria_Lair_of_Behemoths/img/Serrated Scorpion.full.jpg,False,0.06,TCG Player,Serrated Scorpion,-40.000003814697266,0.0,0,Ikoria_Lair_of_Behemoths,/spoiler_lists/Ikoria_Lair_of_Behemoths,/sets/Ikoria_Lair_of_Behemoths/Serrated_Scorpion
0.289999961853027,-0.510000228881835,CoolStuff,8.5,Shark_TyphoonIkoria_Lair_of_BehemothsfalseNM-M,0,12.23,http://s.mtgprice.com/sets/Ikoria_Lair_of_Behemoths/img/Shark Typhoon.full.jpg,False,12.23,TCG Player,Shark Typhoon,2.428810596466064,-4.003141403198242,0,Ikoria_Lair_of_Behemoths,/spoiler_lists/Ikoria_Lair_of_Behemoths,/sets/Ikoria_Lair_of_Behemoths/Shark_Typhoon
0.629999160766601,-1.010000228881836,Card Kingdom,14.0,Shark_Typhoon_Extended_ArtIkoria_Lair_of_BehemothsfalseNM-M,0,17.97,http://s.mtgprice.com/sets/Ikoria_Lair_of_Behemoths/img/Shark Typhoon Extended Art.full.jpg,False,17.97,TCG Player,Shark Typhoon (Extended Art),3.63321304321289,-5.32139253616333,0,Ikoria_Lair_of_Behemoths,/spoiler_lists/Ikoria_Lair_of_Behemoths,/sets/Ikoria_Lair_of_Behemoths/Shark_Typhoon_(Extended_Art)
0.0,0.0,UNDEFINED,0.0,Shredded_SailsIkoria_Lair_of_BehemothsfalseNM-M,0,0.01,http://s.mtgprice.com/sets/Ikoria_Lair_of_Behemoths/img/Shredded Sails.full.jpg,False,0.01,TCG Player,Shredded Sails,0.0,0.0,0,Ikoria_Lair_of_Behemoths,/spoiler_lists/Ikoria_Lair_of_Behemoths,/sets/Ikoria_Lair_of_Behemoths/Shredded_Sails
-0.090000003576278,0.0,Miniature Market,0.1,Skull_ProphetIkoria_Lair_of_BehemothsfalseNM-M,0,0.16,http://s.mtgprice.com/sets/Ikoria_Lair_of_Behemoths/img/Skull Prophet.full.jpg,False,0.16,TCG Player,Skull Prophet,-36.0,0.0,0,Ikoria_Lair_of_Behemoths,/spoiler_lists/Ikoria_Lair_of_Behemoths,/sets/Ikoria_Lair_of_Behemoths/Skull_Prophet
0.049999982118606005,0.009999990463256002,Card Kingdom,0.16,Skycat_SovereignIkoria_Lair_of_BehemothsfalseNM-M,0,0.45,http://s.mtgprice.com/sets/Ikoria_Lair_of_Behemoths/img/Skycat Sovereign.full.jpg,False,0.45,TCG Player,Skycat Sovereign,12.499995231628418,2.272725105285644,0,Ikoria_Lair_of_Behemoths,/spoiler_lists/Ikoria_Lair_of_Behemoths,/sets/Ikoria_Lair_of_Behemoths/Skycat_Sovereign
0.11000001430511401,0.10000002384185701,Card Kingdom,0.7,Skycat_Sovereign_Extended_ArtIkoria_Lair_of_BehemothsfalseNM-M,0,0.8,http://s.mtgprice.com/sets/Ikoria_Lair_of_Behemoths/img/Skycat Sovereign Extended Art.full.jpg,False,0.8,TCG Player,Skycat Sovereign (Extended Art),15.942030906677246,14.285717964172363,0,Ikoria_Lair_of_Behemoths,/spoiler_lists/Ikoria_Lair_of_Behemoths,/sets/Ikoria_Lair_of_Behemoths/Skycat_Sovereign_(Extended_Art)
0.0,0.0,UNDEFINED,0.0,Sleeper_DartIkoria_Lair_of_BehemothsfalseNM-M,0,0.01,http://s.mtgprice.com/sets/Ikoria_Lair_of_Behemoths/img/Sleeper Dart.full.jpg,False,0.01,TCG Player,Sleeper Dart,0.0,0.0,0,Ikoria_Lair_of_Behemoths,/spoiler_lists/Ikoria_Lair_of_Behemoths,/sets/Ikoria_Lair_of_Behemoths/Sleeper_Dart
-0.010000005364418,-0.06000000238418501,Card Kingdom,0.1,SlitherwispIkoria_Lair_of_BehemothsfalseNM-M,0,0.19,http://s.mtgprice.com/sets/Ikoria_Lair_of_Behemoths/img/Slitherwisp.full.jpg,False,0.19,TCG Player,Slitherwisp,-5.000002861022949,-24.0,0,Ikoria_Lair_of_Behemoths,/spoiler_lists/Ikoria_Lair_of_Behemoths,/sets/Ikoria_Lair_of_Behemoths/Slitherwisp
-0.600000023841857,0.0,Card Kingdom,0.2,Slitherwisp_Extended_ArtIkoria_Lair_of_BehemothsfalseNM-M,0,0.75,http://s.mtgprice.com/sets/Ikoria_Lair_of_Behemoths/img/Slitherwisp Extended Art.full.jpg,False,0.75,TCG Player,Slitherwisp (Extended Art),-44.4444465637207,0.0,0,Ikoria_Lair_of_Behemoths,/spoiler_lists/Ikoria_Lair_of_Behemoths,/sets/Ikoria_Lair_of_Behemoths/Slitherwisp_(Extended_Art)
-0.42999994754791204,-0.27999997138977,ABUGames,4.74,"Snapdax,_Apex_of_the_HuntIkoria_Lair_of_BehemothsfalseNM-M",0,1.25,"http://s.mtgprice.com/sets/Ikoria_Lair_of_Behemoths/img/Snapdax, Apex of the Hunt.full.jpg",False,1.25,TCG Player,"Snapdax, Apex of the Hunt",-25.59523582458496,-18.30065155029297,0,Ikoria_Lair_of_Behemoths,/spoiler_lists/Ikoria_Lair_of_Behemoths,"/sets/Ikoria_Lair_of_Behemoths/Snapdax,_Apex_of_the_Hunt"
0.0,0.0,Card Kingdom,5.0,"Snapdax,_Apex_of_the_Hunt_PromoIkoria_Lair_of_BehemothsfalseNM-M",0,9.99,"http://s.mtgprice.com/sets/Ikoria_Lair_of_Behemoths/img/Snapdax, Apex of the Hunt Promo.full.jpg",False,9.99,Card Kingdom,"Snapdax, Apex of the Hunt (Promo)",0.0,0.0,0,Ikoria_Lair_of_Behemoths,/spoiler_lists/Ikoria_Lair_of_Behemoths,"/sets/Ikoria_Lair_of_Behemoths/Snapdax,_Apex_of_the_Hunt_(Promo)"
-0.009999990463256002,0.0,Card Kingdom,0.7,"Snapdax,_Apex_of_the_Hunt_ShowcaseIkoria_Lair_of_BehemothsfalseNM-M",0,1.72,"http://s.mtgprice.com/sets/Ikoria_Lair_of_Behemoths/img/Snapdax, Apex of the Hunt Showcase.full.jpg",False,1.72,TCG Player,"Snapdax, Apex of the Hunt (Showcase)",-0.5780341029167171,0.0,0,Ikoria_Lair_of_Behemoths,/spoiler_lists/Ikoria_Lair_of_Behemoths,"/sets/Ikoria_Lair_of_Behemoths/Snapdax,_Apex_of_the_Hunt_(Showcase)"
0.0,0.0,UNDEFINED,0.0,Snare_TacticianIkoria_Lair_of_BehemothsfalseNM-M,0,0.01,http://s.mtgprice.com/sets/Ikoria_Lair_of_Behemoths/img/Snare Tactician.full.jpg,False,0.01,TCG Player,Snare Tactician,0.0,0.0,0,Ikoria_Lair_of_Behemoths,/spoiler_lists/Ikoria_Lair_of_Behemoths,/sets/Ikoria_Lair_of_Behemoths/Snare_Tactician
0.0,0.0,UNDEFINED,0.0,Solid_FootingIkoria_Lair_of_BehemothsfalseNM-M,0,0.01,http://s.mtgprice.com/sets/Ikoria_Lair_of_Behemoths/img/Solid Footing.full.jpg,False,0.01,TCG Player,Solid Footing,0.0,0.0,0,Ikoria_Lair_of_Behemoths,/spoiler_lists/Ikoria_Lair_of_Behemoths,/sets/Ikoria_Lair_of_Behemoths/Solid_Footing
0.050000011920928004,0.009999990463256002,Card Kingdom,0.1,Song_of_CreationIkoria_Lair_of_BehemothsfalseNM-M,0,0.5,http://s.mtgprice.com/sets/Ikoria_Lair_of_Behemoths/img/Song of Creation.full.jpg,False,0.25,Card Kingdom,Song of Creation,11.111114501953125,2.040814399719238,0,Ikoria_Lair_of_Behemoths,/spoiler_lists/Ikoria_Lair_of_Behemoths,/sets/Ikoria_Lair_of_Behemoths/Song_of_Creation
0.539999961853027,0.0,Card Kingdom,0.5,Song_of_Creation_Extended_ArtIkoria_Lair_of_BehemothsfalseNM-M,0,1.98,http://s.mtgprice.com/sets/Ikoria_Lair_of_Behemoths/img/Song of Creation Extended Art.full.jpg,False,1.98,TCG Player,Song of Creation (Extended Art),37.499996185302734,0.0,0,Ikoria_Lair_of_Behemoths,/spoiler_lists/Ikoria_Lair_of_Behemoths,/sets/Ikoria_Lair_of_Behemoths/Song_of_Creation_(Extended_Art)
0.0,0.0,UNDEFINED,0.0,Sonorous_HowlbonderIkoria_Lair_of_BehemothsfalseNM-M,0,0.05,http://s.mtgprice.com/sets/Ikoria_Lair_of_Behemoths/img/Sonorous Howlbonder.full.jpg,False,0.05,TCG Player,Sonorous Howlbonder,0.0,0.0,0,Ikoria_Lair_of_Behemoths,/spoiler_lists/Ikoria_Lair_of_Behemoths,/sets/Ikoria_Lair_of_Behemoths/Sonorous_Howlbonder
0.0,0.0,UNDEFINED,0.0,Spelleater_WolverineIkoria_Lair_of_BehemothsfalseNM-M,0,0.01,http://s.mtgprice.com/sets/Ikoria_Lair_of_Behemoths/img/Spelleater Wolverine.full.jpg,False,0.01,TCG Player,Spelleater Wolverine,0.0,0.0,0,Ikoria_Lair_of_Behemoths,/spoiler_lists/Ikoria_Lair_of_Behemoths,/sets/Ikoria_Lair_of_Behemoths/Spelleater_Wolverine
-0.030000001192092004,0.0,UNDEFINED,0.0,Splendor_MareIkoria_Lair_of_BehemothsfalseNM-M,0,0.02,http://s.mtgprice.com/sets/Ikoria_Lair_of_Behemoths/img/Splendor Mare.full.jpg,False,0.02,TCG Player,Splendor Mare,-60.000003814697266,0.0,0,Ikoria_Lair_of_Behemoths,/spoiler_lists/Ikoria_Lair_of_Behemoths,/sets/Ikoria_Lair_of_Behemoths/Splendor_Mare
0.0,0.0,UNDEFINED,0.0,Spontaneous_FlightIkoria_Lair_of_BehemothsfalseNM-M,0,0.01,http://s.mtgprice.com/sets/Ikoria_Lair_of_Behemoths/img/Spontaneous Flight.full.jpg,False,0.01,TCG Player,Spontaneous Flight,0.0,0.0,0,Ikoria_Lair_of_Behemoths,/spoiler_lists/Ikoria_Lair_of_Behemoths,/sets/Ikoria_Lair_of_Behemoths/Spontaneous_Flight
0.0,0.0,UNDEFINED,0.0,Springjaw_TrapIkoria_Lair_of_BehemothsfalseNM-M,0,0.01,http://s.mtgprice.com/sets/Ikoria_Lair_of_Behemoths/img/Springjaw Trap.full.jpg,False,0.01,TCG Player,Springjaw Trap,0.0,0.0,0,Ikoria_Lair_of_Behemoths,/spoiler_lists/Ikoria_Lair_of_Behemoths,/sets/Ikoria_Lair_of_Behemoths/Springjaw_Trap
-0.7799999713897701,0.0,Miniature Market,0.65,Sprite_DragonIkoria_Lair_of_BehemothsfalseNM-M,0,0.47000000000000003,http://s.mtgprice.com/sets/Ikoria_Lair_of_Behemoths/img/Sprite Dragon.full.jpg,False,0.47,TCG Player,Sprite Dragon,-62.399993896484375,0.0,0,Ikoria_Lair_of_Behemoths,/spoiler_lists/Ikoria_Lair_of_Behemoths,/sets/Ikoria_Lair_of_Behemoths/Sprite_Dragon
0.0,0.0,Card Kingdom,0.7,Sprite_Dragon_PromoIkoria_Lair_of_BehemothsfalseNM-M,0,1.99,http://s.mtgprice.com/sets/Ikoria_Lair_of_Behemoths/img/Sprite Dragon Promo.full.jpg,False,1.99,Card Kingdom,Sprite Dragon (Promo),0.0,0.0,0,Ikoria_Lair_of_Behemoths,/spoiler_lists/Ikoria_Lair_of_Behemoths,/sets/Ikoria_Lair_of_Behemoths/Sprite_Dragon_(Promo)
-0.029999999329447004,0.0,UNDEFINED,0.0,Startling_DevelopmentIkoria_Lair_of_BehemothsfalseNM-M,0,0.01,http://s.mtgprice.com/sets/Ikoria_Lair_of_Behemoths/img/Startling Development.full.jpg,False,0.01,TCG Player,Startling Development,-75.0,0.0,0,Ikoria_Lair_of_Behemoths,/spoiler_lists/Ikoria_Lair_of_Behemoths,/sets/Ikoria_Lair_of_Behemoths/Startling_Development
-0.030000001192092004,0.0,UNDEFINED,0.0,Stormwild_CapridorIkoria_Lair_of_BehemothsfalseNM-M,0,0.02,http://s.mtgprice.com/sets/Ikoria_Lair_of_Behemoths/img/Stormwild Capridor.full.jpg,False,0.02,TCG Player,Stormwild Capridor,-60.000003814697266,0.0,0,Ikoria_Lair_of_Behemoths,/spoiler_lists/Ikoria_Lair_of_Behemoths,/sets/Ikoria_Lair_of_Behemoths/Stormwild_Capridor
0.0,0.0,UNDEFINED,0.0,Sudden_SpinneretsIkoria_Lair_of_BehemothsfalseNM-M,0,0.01,http://s.mtgprice.com/sets/Ikoria_Lair_of_Behemoths/img/Sudden Spinnerets.full.jpg,False,0.01,TCG Player,Sudden Spinnerets,0.0,0.0,0,Ikoria_Lair_of_Behemoths,/spoiler_lists/Ikoria_Lair_of_Behemoths,/sets/Ikoria_Lair_of_Behemoths/Sudden_Spinnerets
-0.019999999552965,0.0,UNDEFINED,0.0,Suffocating_FumesIkoria_Lair_of_BehemothsfalseNM-M,0,0.01,http://s.mtgprice.com/sets/Ikoria_Lair_of_Behemoths/img/Suffocating Fumes.full.jpg,False,0.01,TCG Player,Suffocating Fumes,-66.66667175292969,0.0,0,Ikoria_Lair_of_Behemoths,/spoiler_lists/Ikoria_Lair_of_Behemoths,/sets/Ikoria_Lair_of_Behemoths/Suffocating_Fumes
0.0,0.0,UNDEFINED,0.0,Survivors'_BondIkoria_Lair_of_BehemothsfalseNM-M,0,0.01,http://s.mtgprice.com/sets/Ikoria_Lair_of_Behemoths/img/Survivors' Bond.full.jpg,False,0.01,TCG Player,Survivors' Bond,0.0,0.0,0,Ikoria_Lair_of_Behemoths,/spoiler_lists/Ikoria_Lair_of_Behemoths,/sets/Ikoria_Lair_of_Behemoths/Survivors'_Bond
-0.010000001639127001,0.0,UNDEFINED,0.0,Swallow_WholeIkoria_Lair_of_BehemothsfalseNM-M,0,0.04,http://s.mtgprice.com/sets/Ikoria_Lair_of_Behemoths/img/Swallow Whole.full.jpg,False,0.04,TCG Player,Swallow Whole,-20.000003814697266,0.0,0,Ikoria_Lair_of_Behemoths,/spoiler_lists/Ikoria_Lair_of_Behemoths,/sets/Ikoria_Lair_of_Behemoths/Swallow_Whole
-0.05999998748302401,0.0,ABUGames,0.02,SwampIkoria_Lair_of_BehemothsfalseNM-M,0,0.2,http://s.mtgprice.com/sets/Ikoria_Lair_of_Behemoths/img/Swamp.full.jpg,False,0.2,TCG Player,Swamp,-23.076919555664062,0.0,0,Ikoria_Lair_of_Behemoths,/spoiler_lists/Ikoria_Lair_of_Behemoths,/sets/Ikoria_Lair_of_Behemoths/Swamp
0.0,0.0,Miniature Market,0.05,Swiftwater_CliffsIkoria_Lair_of_BehemothsfalseNM-M,0,0.05,http://s.mtgprice.com/sets/Ikoria_Lair_of_Behemoths/img/Swiftwater Cliffs.full.jpg,False,0.05,TCG Player,Swiftwater Cliffs,0.0,0.0,0,Ikoria_Lair_of_Behemoths,/spoiler_lists/Ikoria_Lair_of_Behemoths,/sets/Ikoria_Lair_of_Behemoths/Swiftwater_Cliffs
0.0,0.0,UNDEFINED,0.0,Tentative_ConnectionIkoria_Lair_of_BehemothsfalseNM-M,0,0.01,http://s.mtgprice.com/sets/Ikoria_Lair_of_Behemoths/img/Tentative Connection.full.jpg,False,0.01,TCG Player,Tentative Connection,0.0,0.0,0,Ikoria_Lair_of_Behemoths,/spoiler_lists/Ikoria_Lair_of_Behemoths,/sets/Ikoria_Lair_of_Behemoths/Tentative_Connection
0.0,-0.009999752044677,Card Kingdom,4.4,The_OzolithIkoria_Lair_of_BehemothsfalseNM-M,0,4.98,http://s.mtgprice.com/sets/Ikoria_Lair_of_Behemoths/img/The Ozolith.full.jpg,False,4.98,TCG Player,The Ozolith,0.0,-0.20039585232734602,0,Ikoria_Lair_of_Behemoths,/spoiler_lists/Ikoria_Lair_of_Behemoths,/sets/Ikoria_Lair_of_Behemoths/The_Ozolith
0.5499997138977051,-0.070000648498535,Card Kingdom,6.5,The_Ozolith_Extended_ArtIkoria_Lair_of_BehemothsfalseNM-M,0,8.32,http://s.mtgprice.com/sets/Ikoria_Lair_of_Behemoths/img/The Ozolith Extended Art.full.jpg,False,8.32,TCG Player,The Ozolith (Extended Art),7.078503131866455,-0.8343342542648311,0,Ikoria_Lair_of_Behemoths,/spoiler_lists/Ikoria_Lair_of_Behemoths,/sets/Ikoria_Lair_of_Behemoths/The_Ozolith_(Extended_Art)
0.0,0.0,UNDEFINED,0.0,Thieving_OtterIkoria_Lair_of_BehemothsfalseNM-M,0,0.01,http://s.mtgprice.com/sets/Ikoria_Lair_of_Behemoths/img/Thieving Otter.full.jpg,False,0.01,TCG Player,Thieving Otter,0.0,0.0,0,Ikoria_Lair_of_Behemoths,/spoiler_lists/Ikoria_Lair_of_Behemoths,/sets/Ikoria_Lair_of_Behemoths/Thieving_Otter
-0.009999999776482001,0.0,UNDEFINED,0.0,Thornwood_FallsIkoria_Lair_of_BehemothsfalseNM-M,0,0.03,http://s.mtgprice.com/sets/Ikoria_Lair_of_Behemoths/img/Thornwood Falls.full.jpg,False,0.03,TCG Player,Thornwood Falls,-25.0,0.0,0,Ikoria_Lair_of_Behemoths,/spoiler_lists/Ikoria_Lair_of_Behemoths,/sets/Ikoria_Lair_of_Behemoths/Thornwood_Falls
0.0,0.0,UNDEFINED,0.0,Thwart_the_EnemyIkoria_Lair_of_BehemothsfalseNM-M,0,0.01,http://s.mtgprice.com/sets/Ikoria_Lair_of_Behemoths/img/Thwart the Enemy.full.jpg,False,0.01,TCG Player,Thwart the Enemy,0.0,0.0,0,Ikoria_Lair_of_Behemoths,/spoiler_lists/Ikoria_Lair_of_Behemoths,/sets/Ikoria_Lair_of_Behemoths/Thwart_the_Enemy
0.0,0.0,ABUGames,0.25,Titanoth_RexIkoria_Lair_of_BehemothsfalseNM-M,0,0.1,http://s.mtgprice.com/sets/Ikoria_Lair_of_Behemoths/img/Titanoth Rex.full.jpg,False,0.1,TCG Player,Titanoth Rex,0.0,0.0,0,Ikoria_Lair_of_Behemoths,/spoiler_lists/Ikoria_Lair_of_Behemoths,/sets/Ikoria_Lair_of_Behemoths/Titanoth_Rex
0.0,0.0,Card Kingdom,0.9,Titanoth_Rex_PromoIkoria_Lair_of_BehemothsfalseNM-M,0,2.99,http://s.mtgprice.com/sets/Ikoria_Lair_of_Behemoths/img/Titanoth Rex Promo.full.jpg,False,2.99,Card Kingdom,Titanoth Rex (Promo),0.0,0.0,0,Ikoria_Lair_of_Behemoths,/spoiler_lists/Ikoria_Lair_of_Behemoths,/sets/Ikoria_Lair_of_Behemoths/Titanoth_Rex_(Promo)
0.039999991655349,0.0,Card Kingdom,0.1,Titans'_NestIkoria_Lair_of_BehemothsfalseNM-M,0,0.22,http://s.mtgprice.com/sets/Ikoria_Lair_of_Behemoths/img/Titans' Nest.full.jpg,False,0.22,TCG Player,Titans' Nest,22.22221565246582,0.0,0,Ikoria_Lair_of_Behemoths,/spoiler_lists/Ikoria_Lair_of_Behemoths,/sets/Ikoria_Lair_of_Behemoths/Titans'_Nest
0.6699999570846551,0.0,TCG Player,0.42,Titans'_Nest_Extended_ArtIkoria_Lair_of_BehemothsfalseNM-M,0,1.27,http://s.mtgprice.com/sets/Ikoria_Lair_of_Behemoths/img/Titans' Nest Extended Art.full.jpg,False,0.69,Card Kingdom,Titans' Nest (Extended Art),111.66665649414062,0.0,0,Ikoria_Lair_of_Behemoths,/spoiler_lists/Ikoria_Lair_of_Behemoths,/sets/Ikoria_Lair_of_Behemoths/Titans'_Nest_(Extended_Art)
-0.010000001639127001,0.0,UNDEFINED,0.0,Tranquil_CoveIkoria_Lair_of_BehemothsfalseNM-M,0,0.04,http://s.mtgprice.com/sets/Ikoria_Lair_of_Behemoths/img/Tranquil Cove.full.jpg,False,0.04,TCG Player,Tranquil Cove,-20.000003814697266,0.0,0,Ikoria_Lair_of_Behemoths,/spoiler_lists/Ikoria_Lair_of_Behemoths,/sets/Ikoria_Lair_of_Behemoths/Tranquil_Cove
-0.010000001639127001,0.0,ABUGames,0.02,Trumpeting_GnarrIkoria_Lair_of_BehemothsfalseNM-M,0,0.04,http://s.mtgprice.com/sets/Ikoria_Lair_of_Behemoths/img/Trumpeting Gnarr.full.jpg,False,0.04,TCG Player,Trumpeting Gnarr,-20.000003814697266,0.0,0,Ikoria_Lair_of_Behemoths,/spoiler_lists/Ikoria_Lair_of_Behemoths,/sets/Ikoria_Lair_of_Behemoths/Trumpeting_Gnarr
-0.170000001788139,0.0,UNDEFINED,0.0,Trumpeting_Gnarr_ShowcaseIkoria_Lair_of_BehemothsfalseNM-M,0,0.03,http://s.mtgprice.com/sets/Ikoria_Lair_of_Behemoths/img/Trumpeting Gnarr Showcase.full.jpg,False,0.03,TCG Player,Trumpeting Gnarr (Showcase),-85.0,0.0,0,Ikoria_Lair_of_Behemoths,/spoiler_lists/Ikoria_Lair_of_Behemoths,/sets/Ikoria_Lair_of_Behemoths/Trumpeting_Gnarr_(Showcase)
0.06000000238418501,0.049999997019767005,Card Kingdom,0.1,"Umori,_the_CollectorIkoria_Lair_of_BehemothsfalseNM-M",0,0.23,"http://s.mtgprice.com/sets/Ikoria_Lair_of_Behemoths/img/Umori, the Collector.full.jpg",False,0.23,TCG Player,"Umori, the Collector",35.29411697387695,27.77777671813965,0,Ikoria_Lair_of_Behemoths,/spoiler_lists/Ikoria_Lair_of_Behemoths,"/sets/Ikoria_Lair_of_Behemoths/Umori,_the_Collector"
-0.019999980926513002,0.0,Card Kingdom,0.23,"Umori,_the_Collector_Extended_ArtIkoria_Lair_of_BehemothsfalseNM-M",0,0.8,"http://s.mtgprice.com/sets/Ikoria_Lair_of_Behemoths/img/Umori, the Collector Extended Art.full.jpg",False,0.69,Card Kingdom,"Umori, the Collector (Extended Art)",-2.439022064208984,0.0,0,Ikoria_Lair_of_Behemoths,/spoiler_lists/Ikoria_Lair_of_Behemoths,"/sets/Ikoria_Lair_of_Behemoths/Umori,_the_Collector_(Extended_Art)"
0.0,0.0,UNDEFINED,0.0,Unbreakable_BondIkoria_Lair_of_BehemothsfalseNM-M,0,0.01,http://s.mtgprice.com/sets/Ikoria_Lair_of_Behemoths/img/Unbreakable Bond.full.jpg,False,0.01,TCG Player,Unbreakable Bond,0.0,0.0,0,Ikoria_Lair_of_Behemoths,/spoiler_lists/Ikoria_Lair_of_Behemoths,/sets/Ikoria_Lair_of_Behemoths/Unbreakable_Bond
-0.029999999329447004,0.0,UNDEFINED,0.0,Unexpected_FangsIkoria_Lair_of_BehemothsfalseNM-M,0,0.01,http://s.mtgprice.com/sets/Ikoria_Lair_of_Behemoths/img/Unexpected Fangs.full.jpg,False,0.01,TCG Player,Unexpected Fangs,-75.0,0.0,0,Ikoria_Lair_of_Behemoths,/spoiler_lists/Ikoria_Lair_of_Behemoths,/sets/Ikoria_Lair_of_Behemoths/Unexpected_Fangs
0.0,0.0,UNDEFINED,0.0,Unlikely_AidIkoria_Lair_of_BehemothsfalseNM-M,0,0.01,http://s.mtgprice.com/sets/Ikoria_Lair_of_Behemoths/img/Unlikely Aid.full.jpg,False,0.01,TCG Player,Unlikely Aid,0.0,0.0,0,Ikoria_Lair_of_Behemoths,/spoiler_lists/Ikoria_Lair_of_Behemoths,/sets/Ikoria_Lair_of_Behemoths/Unlikely_Aid
0.0,0.0,ABUGames,0.03,Unpredictable_CycloneIkoria_Lair_of_BehemothsfalseNM-M,0,0.22,http://s.mtgprice.com/sets/Ikoria_Lair_of_Behemoths/img/Unpredictable Cyclone.full.jpg,False,0.22,TCG Player,Unpredictable Cyclone,0.0,0.0,0,Ikoria_Lair_of_Behemoths,/spoiler_lists/Ikoria_Lair_of_Behemoths,/sets/Ikoria_Lair_of_Behemoths/Unpredictable_Cyclone
0.0,0.0,Card Kingdom,0.16,Unpredictable_Cyclone_Extended_ArtIkoria_Lair_of_BehemothsfalseNM-M,0,1.05,http://s.mtgprice.com/sets/Ikoria_Lair_of_Behemoths/img/Unpredictable Cyclone Extended Art.full.jpg,False,0.79,Card Kingdom,Unpredictable Cyclone (Extended Art),0.0,0.0,0,Ikoria_Lair_of_Behemoths,/spoiler_lists/Ikoria_Lair_of_Behemoths,/sets/Ikoria_Lair_of_Behemoths/Unpredictable_Cyclone_(Extended_Art)
-0.22000002861022902,0.0,Miniature Market,1.3,"Vadrok,_Apex_of_ThunderIkoria_Lair_of_BehemothsfalseNM-M",0,1.27,"http://s.mtgprice.com/sets/Ikoria_Lair_of_Behemoths/img/Vadrok, Apex of Thunder.full.jpg",False,1.27,TCG Player,"Vadrok, Apex of Thunder",-14.765103340148926,0.0,0,Ikoria_Lair_of_Behemoths,/spoiler_lists/Ikoria_Lair_of_Behemoths,"/sets/Ikoria_Lair_of_Behemoths/Vadrok,_Apex_of_Thunder"
-1.0,0.0,Card Kingdom,6.5,"Vadrok,_Apex_of_Thunder_PromoIkoria_Lair_of_BehemothsfalseNM-M",0,15.99,"http://s.mtgprice.com/sets/Ikoria_Lair_of_Behemoths/img/Vadrok, Apex of Thunder Promo.full.jpg",False,15.99,Card Kingdom,"Vadrok, Apex of Thunder (Promo)",-5.885815143585205,0.0,0,Ikoria_Lair_of_Behemoths,/spoiler_lists/Ikoria_Lair_of_Behemoths,"/sets/Ikoria_Lair_of_Behemoths/Vadrok,_Apex_of_Thunder_(Promo)"
0.009999990463256002,0.0,Card Kingdom,0.75,"Vadrok,_Apex_of_Thunder_ShowcaseIkoria_Lair_of_BehemothsfalseNM-M",0,1.9100000000000001,"http://s.mtgprice.com/sets/Ikoria_Lair_of_Behemoths/img/Vadrok, Apex of Thunder Showcase.full.jpg",False,1.91,TCG Player,"Vadrok, Apex of Thunder (Showcase)",0.5263152718544001,0.0,0,Ikoria_Lair_of_Behemoths,/spoiler_lists/Ikoria_Lair_of_Behemoths,"/sets/Ikoria_Lair_of_Behemoths/Vadrok,_Apex_of_Thunder_(Showcase)"
-0.029999993741512004,0.0,UNDEFINED,0.0,Valiant_RescuerIkoria_Lair_of_BehemothsfalseNM-M,0,0.1,http://s.mtgprice.com/sets/Ikoria_Lair_of_Behemoths/img/Valiant Rescuer.full.jpg,False,0.1,TCG Player,Valiant Rescuer,-23.076919555664062,0.0,0,Ikoria_Lair_of_Behemoths,/spoiler_lists/Ikoria_Lair_of_Behemoths,/sets/Ikoria_Lair_of_Behemoths/Valiant_Rescuer
-0.010000228881835,0.0,Miniature Market,6.25,"Vivien,_Monsters'_AdvocateIkoria_Lair_of_BehemothsfalseNM-M",0,6.99,"http://s.mtgprice.com/sets/Ikoria_Lair_of_Behemoths/img/Vivien, Monsters' Advocate.full.jpg",False,6.99,TCG Player,"Vivien, Monsters' Advocate",-0.142860412597656,0.0,0,Ikoria_Lair_of_Behemoths,/spoiler_lists/Ikoria_Lair_of_Behemoths,"/sets/Ikoria_Lair_of_Behemoths/Vivien,_Monsters'_Advocate"
0.0,0.0,UNDEFINED,0.0,"Vivien,_Monsters'_Advocate_PromoIkoria_Lair_of_BehemothsfalseNM-M",0,0.0,"http://s.mtgprice.com/sets/Ikoria_Lair_of_Behemoths/img/Vivien, Monsters' Advocate Promo.full.jpg",False,999999.0,Unknown,"Vivien, Monsters' Advocate (Promo)",,,0,Ikoria_Lair_of_Behemoths,/spoiler_lists/Ikoria_Lair_of_Behemoths,"/sets/Ikoria_Lair_of_Behemoths/Vivien,_Monsters'_Advocate_(Promo)"
0.0,0.0,ABUGames,1.64,Void_BeckonerIkoria_Lair_of_BehemothsfalseNM-M,0,0.04,http://s.mtgprice.com/sets/Ikoria_Lair_of_Behemoths/img/Void Beckoner.full.jpg,False,0.04,TCG Player,Void Beckoner,0.0,0.0,0,Ikoria_Lair_of_Behemoths,/spoiler_lists/Ikoria_Lair_of_Behemoths,/sets/Ikoria_Lair_of_Behemoths/Void_Beckoner
-1.0,0.0,Card Kingdom,1.5,Void_Beckoner_PromoIkoria_Lair_of_BehemothsfalseNM-M,0,6.99,http://s.mtgprice.com/sets/Ikoria_Lair_of_Behemoths/img/Void Beckoner Promo.full.jpg,False,6.99,Card Kingdom,Void Beckoner (Promo),-12.515645027160645,0.0,0,Ikoria_Lair_of_Behemoths,/spoiler_lists/Ikoria_Lair_of_Behemoths,/sets/Ikoria_Lair_of_Behemoths/Void_Beckoner_(Promo)
0.0,0.08999998867511701,Card Kingdom,0.1,Voracious_GreatsharkIkoria_Lair_of_BehemothsfalseNM-M,0,0.29,http://s.mtgprice.com/sets/Ikoria_Lair_of_Behemoths/img/Voracious Greatshark.full.jpg,False,0.24,ABUGames,Voracious Greatshark,0.0,44.99999237060547,0,Ikoria_Lair_of_Behemoths,/spoiler_lists/Ikoria_Lair_of_Behemoths,/sets/Ikoria_Lair_of_Behemoths/Voracious_Greatshark
0.0,0.0,TCG Player,0.27,Voracious_Greatshark_Extended_ArtIkoria_Lair_of_BehemothsfalseNM-M,0,1.62,http://s.mtgprice.com/sets/Ikoria_Lair_of_Behemoths/img/Voracious Greatshark Extended Art.full.jpg,False,0.69,Card Kingdom,Voracious Greatshark (Extended Art),0.0,0.0,0,Ikoria_Lair_of_Behemoths,/spoiler_lists/Ikoria_Lair_of_Behemoths,/sets/Ikoria_Lair_of_Behemoths/Voracious_Greatshark_(Extended_Art)
-0.029999999329447004,0.0,UNDEFINED,0.0,VulpikeetIkoria_Lair_of_BehemothsfalseNM-M,0,0.01,http://s.mtgprice.com/sets/Ikoria_Lair_of_Behemoths/img/Vulpikeet.full.jpg,False,0.01,TCG Player,Vulpikeet,-75.0,0.0,0,Ikoria_Lair_of_Behemoths,/spoiler_lists/Ikoria_Lair_of_Behemoths,/sets/Ikoria_Lair_of_Behemoths/Vulpikeet
-0.049999997019767005,0.0,UNDEFINED,0.0,Vulpikeet_ShowcaseIkoria_Lair_of_BehemothsfalseNM-M,0,0.01,http://s.mtgprice.com/sets/Ikoria_Lair_of_Behemoths/img/Vulpikeet Showcase.full.jpg,False,0.01,TCG Player,Vulpikeet (Showcase),-83.33332824707031,0.0,0,Ikoria_Lair_of_Behemoths,/spoiler_lists/Ikoria_Lair_of_Behemoths,/sets/Ikoria_Lair_of_Behemoths/Vulpikeet_(Showcase)
0.009999999776482001,0.0,UNDEFINED,0.0,Weaponize_the_MonstersIkoria_Lair_of_BehemothsfalseNM-M,0,0.03,http://s.mtgprice.com/sets/Ikoria_Lair_of_Behemoths/img/Weaponize the Monsters.full.jpg,False,0.03,TCG Player,Weaponize the Monsters,50.0,0.0,0,Ikoria_Lair_of_Behemoths,/spoiler_lists/Ikoria_Lair_of_Behemoths,/sets/Ikoria_Lair_of_Behemoths/Weaponize_the_Monsters
0.08999997377395601,0.0,Card Kingdom,0.25,Whirlwind_of_ThoughtIkoria_Lair_of_BehemothsfalseNM-M,0,0.59,http://s.mtgprice.com/sets/Ikoria_Lair_of_Behemoths/img/Whirlwind of Thought.full.jpg,False,0.35,ABUGames,Whirlwind of Thought,17.9999942779541,0.0,0,Ikoria_Lair_of_Behemoths,/spoiler_lists/Ikoria_Lair_of_Behemoths,/sets/Ikoria_Lair_of_Behemoths/Whirlwind_of_Thought
-0.009999990463256002,0.039999961853027004,Card Kingdom,0.7,Whirlwind_of_Thought_Extended_ArtIkoria_Lair_of_BehemothsfalseNM-M,0,1.65,http://s.mtgprice.com/sets/Ikoria_Lair_of_Behemoths/img/Whirlwind of Thought Extended Art.full.jpg,False,1.65,TCG Player,Whirlwind of Thought (Extended Art),-0.6024090647697441,2.484469652175903,0,Ikoria_Lair_of_Behemoths,/spoiler_lists/Ikoria_Lair_of_Behemoths,/sets/Ikoria_Lair_of_Behemoths/Whirlwind_of_Thought_(Extended_Art)
0.0,0.0,UNDEFINED,0.0,Whisper_SquadIkoria_Lair_of_BehemothsfalseNM-M,0,0.05,http://s.mtgprice.com/sets/Ikoria_Lair_of_Behemoths/img/Whisper Squad.full.jpg,False,0.05,TCG Player,Whisper Squad,0.0,0.0,0,Ikoria_Lair_of_Behemoths,/spoiler_lists/Ikoria_Lair_of_Behemoths,/sets/Ikoria_Lair_of_Behemoths/Whisper_Squad
0.019999999552965,0.0,UNDEFINED,0.0,Will_of_the_All-HunterIkoria_Lair_of_BehemothsfalseNM-M,0,0.03,http://s.mtgprice.com/sets/Ikoria_Lair_of_Behemoths/img/Will of the All-Hunter.full.jpg,False,0.03,TCG Player,Will of the All-Hunter,200.0,0.0,0,Ikoria_Lair_of_Behemoths,/spoiler_lists/Ikoria_Lair_of_Behemoths,/sets/Ikoria_Lair_of_Behemoths/Will_of_the_All-Hunter
0.020000003278255,0.0,UNDEFINED,0.0,WiltIkoria_Lair_of_BehemothsfalseNM-M,0,0.1,http://s.mtgprice.com/sets/Ikoria_Lair_of_Behemoths/img/Wilt.full.jpg,False,0.1,TCG Player,Wilt,25.0000057220459,0.0,0,Ikoria_Lair_of_Behemoths,/spoiler_lists/Ikoria_Lair_of_Behemoths,/sets/Ikoria_Lair_of_Behemoths/Wilt
0.0,0.0,UNDEFINED,0.0,Wind-Scarred_CragIkoria_Lair_of_BehemothsfalseNM-M,0,0.05,http://s.mtgprice.com/sets/Ikoria_Lair_of_Behemoths/img/Wind-Scarred Crag.full.jpg,False,0.05,TCG Player,Wind-Scarred Crag,0.0,0.0,0,Ikoria_Lair_of_Behemoths,/spoiler_lists/Ikoria_Lair_of_Behemoths,/sets/Ikoria_Lair_of_Behemoths/Wind-Scarred_Crag
0.0,0.0,UNDEFINED,0.0,Wingfold_PteronIkoria_Lair_of_BehemothsfalseNM-M,0,0.01,http://s.mtgprice.com/sets/Ikoria_Lair_of_Behemoths/img/Wingfold Pteron.full.jpg,False,0.01,TCG Player,Wingfold Pteron,0.0,0.0,0,Ikoria_Lair_of_Behemoths,/spoiler_lists/Ikoria_Lair_of_Behemoths,/sets/Ikoria_Lair_of_Behemoths/Wingfold_Pteron
-0.019999999552965,0.0,UNDEFINED,0.0,Wingspan_MentorIkoria_Lair_of_BehemothsfalseNM-M,0,0.02,http://s.mtgprice.com/sets/Ikoria_Lair_of_Behemoths/img/Wingspan Mentor.full.jpg,False,0.02,TCG Player,Wingspan Mentor,-50.0,0.0,0,Ikoria_Lair_of_Behemoths,/spoiler_lists/Ikoria_Lair_of_Behemoths,/sets/Ikoria_Lair_of_Behemoths/Wingspan_Mentor
-0.259999990463256,-0.23000001907348602,Miniature Market,2.7,"Winota,_Joiner_of_ForcesIkoria_Lair_of_BehemothsfalseNM-M",0,3.61,"http://s.mtgprice.com/sets/Ikoria_Lair_of_Behemoths/img/Winota, Joiner of Forces.full.jpg",False,3.61,TCG Player,"Winota, Joiner of Forces",-6.71834659576416,-5.989583969116211,0,Ikoria_Lair_of_Behemoths,/spoiler_lists/Ikoria_Lair_of_Behemoths,"/sets/Ikoria_Lair_of_Behemoths/Winota,_Joiner_of_Forces"
-0.039999961853027004,0.0,Card Kingdom,6.5,"Winota,_Joiner_of_Forces_Extended_ArtIkoria_Lair_of_BehemothsfalseNM-M",0,6.44,"http://s.mtgprice.com/sets/Ikoria_Lair_of_Behemoths/img/Winota, Joiner of Forces Extended Art.full.jpg",False,6.44,TCG Player,"Winota, Joiner of Forces (Extended Art)",-0.617283344268798,0.0,0,Ikoria_Lair_of_Behemoths,/spoiler_lists/Ikoria_Lair_of_Behemoths,"/sets/Ikoria_Lair_of_Behemoths/Winota,_Joiner_of_Forces_(Extended_Art)"
0.020000010728836,0.010000020265579002,Card Kingdom,0.2,"Yidaro,_Wandering_MonsterIkoria_Lair_of_BehemothsfalseNM-M",0,0.30000000000000004,"http://s.mtgprice.com/sets/Ikoria_Lair_of_Behemoths/img/Yidaro, Wandering Monster.full.jpg",False,0.3,TCG Player,"Yidaro, Wandering Monster",7.142861366271973,3.448282957077026,0,Ikoria_Lair_of_Behemoths,/spoiler_lists/Ikoria_Lair_of_Behemoths,"/sets/Ikoria_Lair_of_Behemoths/Yidaro,_Wandering_Monster"
0.079999983310699,0.0,Card Kingdom,0.3,"Yidaro,_Wandering_Monster_Extended_ArtIkoria_Lair_of_BehemothsfalseNM-M",0,1.03,"http://s.mtgprice.com/sets/Ikoria_Lair_of_Behemoths/img/Yidaro, Wandering Monster Extended Art.full.jpg",False,1.03,TCG Player,"Yidaro, Wandering Monster (Extended Art)",8.421051025390625,0.0,0,Ikoria_Lair_of_Behemoths,/spoiler_lists/Ikoria_Lair_of_Behemoths,"/sets/Ikoria_Lair_of_Behemoths/Yidaro,_Wandering_Monster_(Extended_Art)"
0.0,0.0,Card Kingdom,4.5,"Yidaro,_Wandering_Monster_PromoIkoria_Lair_of_BehemothsfalseNM-M",0,8.99,"http://s.mtgprice.com/sets/Ikoria_Lair_of_Behemoths/img/Yidaro, Wandering Monster Promo.full.jpg",False,8.99,Card Kingdom,"Yidaro, Wandering Monster (Promo)",0.0,0.0,0,Ikoria_Lair_of_Behemoths,/spoiler_lists/Ikoria_Lair_of_Behemoths,"/sets/Ikoria_Lair_of_Behemoths/Yidaro,_Wandering_Monster_(Promo)"
0.019999980926513002,0.0,Card Kingdom,0.65,"Yorion,_Sky_NomadIkoria_Lair_of_BehemothsfalseNM-M",0,1.21,"http://s.mtgprice.com/sets/Ikoria_Lair_of_Behemoths/img/Yorion, Sky Nomad.full.jpg",False,0.49,StrikeZone,"Yorion, Sky Nomad",1.680670499801635,0.0,0,Ikoria_Lair_of_Behemoths,/spoiler_lists/Ikoria_Lair_of_Behemoths,"/sets/Ikoria_Lair_of_Behemoths/Yorion,_Sky_Nomad"
-0.289999961853027,-0.02999997138977,Card Kingdom,1.75,"Yorion,_Sky_Nomad_Extended_ArtIkoria_Lair_of_BehemothsfalseNM-M",0,3.7,"http://s.mtgprice.com/sets/Ikoria_Lair_of_Behemoths/img/Yorion, Sky Nomad Extended Art.full.jpg",False,3.7,TCG Player,"Yorion, Sky Nomad (Extended Art)",-7.268169403076172,-0.8042888045310971,0,Ikoria_Lair_of_Behemoths,/spoiler_lists/Ikoria_Lair_of_Behemoths,"/sets/Ikoria_Lair_of_Behemoths/Yorion,_Sky_Nomad_(Extended_Art)"
0.0,0.0,UNDEFINED,0.0,Zagoth_CrystalIkoria_Lair_of_BehemothsfalseNM-M,0,0.06,http://s.mtgprice.com/sets/Ikoria_Lair_of_Behemoths/img/Zagoth Crystal.full.jpg,False,0.06,TCG Player,Zagoth Crystal,0.0,0.0,0,Ikoria_Lair_of_Behemoths,/spoiler_lists/Ikoria_Lair_of_Behemoths,/sets/Ikoria_Lair_of_Behemoths/Zagoth_Crystal
0.0,0.0,UNDEFINED,0.0,Zagoth_MambaIkoria_Lair_of_BehemothsfalseNM-M,0,0.07,http://s.mtgprice.com/sets/Ikoria_Lair_of_Behemoths/img/Zagoth Mamba.full.jpg,False,0.07,TCG Player,Zagoth Mamba,0.0,0.0,0,Ikoria_Lair_of_Behemoths,/spoiler_lists/Ikoria_Lair_of_Behemoths,/sets/Ikoria_Lair_of_Behemoths/Zagoth_Mamba
0.0,0.33999967575073203,ABUGames,5.24,Zagoth_TriomeIkoria_Lair_of_BehemothsfalseNM-M,0,6.99,http://s.mtgprice.com/sets/Ikoria_Lair_of_Behemoths/img/Zagoth Triome.full.jpg,False,6.99,StrikeZone,Zagoth Triome,0.0,5.112776756286621,0,Ikoria_Lair_of_Behemoths,/spoiler_lists/Ikoria_Lair_of_Behemoths,/sets/Ikoria_Lair_of_Behemoths/Zagoth_Triome
1.099999904632568,1.099999904632568,Card Kingdom,6.5,Zagoth_Triome_ShowcaseIkoria_Lair_of_BehemothsfalseNM-M,0,8.99,http://s.mtgprice.com/sets/Ikoria_Lair_of_Behemoths/img/Zagoth Triome Showcase.full.jpg,False,8.99,TCG Player,Zagoth Triome (Showcase),13.94169807434082,13.94169807434082,0,Ikoria_Lair_of_Behemoths,/spoiler_lists/Ikoria_Lair_of_Behemoths,/sets/Ikoria_Lair_of_Behemoths/Zagoth_Triome_(Showcase)
-0.020000010728836,0.0,UNDEFINED,0.0,Zenith_FlareIkoria_Lair_of_BehemothsfalseNM-M,0,0.16,http://s.mtgprice.com/sets/Ikoria_Lair_of_Behemoths/img/Zenith Flare.full.jpg,False,0.16,TCG Player,Zenith Flare,-11.111116409301758,0.0,0,Ikoria_Lair_of_Behemoths,/spoiler_lists/Ikoria_Lair_of_Behemoths,/sets/Ikoria_Lair_of_Behemoths/Zenith_Flare
0.0,0.0,UNDEFINED,0.0,"Zilortha,_Strength_Incarnate_PromoIkoria_Lair_of_BehemothsfalseNM-M",0,0.0,"http://s.mtgprice.com/sets/Ikoria_Lair_of_Behemoths/img/Zilortha, Strength Incarnate Promo.full.jpg",False,999999.0,Unknown,"Zilortha, Strength Incarnate (Promo)",,,0,Ikoria_Lair_of_Behemoths,/spoiler_lists/Ikoria_Lair_of_Behemoths,"/sets/Ikoria_Lair_of_Behemoths/Zilortha,_Strength_Incarnate_(Promo)"
0.069999992847442,0.139999985694885,ABUGames,0.21,"Zirda,_the_DawnwakerIkoria_Lair_of_BehemothsfalseNM-M",0,0.65,"http://s.mtgprice.com/sets/Ikoria_Lair_of_Behemoths/img/Zirda, the Dawnwaker.full.jpg",False,0.29,StrikeZone,"Zirda, the Dawnwaker",12.068964958190918,27.450979232788086,0,Ikoria_Lair_of_Behemoths,/spoiler_lists/Ikoria_Lair_of_Behemoths,"/sets/Ikoria_Lair_of_Behemoths/Zirda,_the_Dawnwaker"
-0.140000104904174,-0.08000016212463301,Card Kingdom,1.35,"Zirda,_the_Dawnwaker_Extended_ArtIkoria_Lair_of_BehemothsfalseNM-M",0,2.85,"http://s.mtgprice.com/sets/Ikoria_Lair_of_Behemoths/img/Zirda, the Dawnwaker Extended Art.full.jpg",False,2.85,TCG Player,"Zirda, the Dawnwaker (Extended Art)",-4.682277679443359,-2.73038101196289,0,Ikoria_Lair_of_Behemoths,/spoiler_lists/Ikoria_Lair_of_Behemoths,"/sets/Ikoria_Lair_of_Behemoths/Zirda,_the_Dawnwaker_(Extended_Art)"
